1.154100987472905217e+03
9.385087417428903791e+02
8.523490235908518571e+02
7.861435853874090753e+02
7.492549521573344009e+02
7.261984851783337263e+02
7.219842368424838241e+02
7.124906711443273934e+02
7.119720625827590084e+02
7.103861789426433688e+02
7.070095342169228161e+02
7.051606142839411859e+02
7.098161683755652120e+02
7.073461297475944320e+02
7.061525116677811411e+02
7.100682002036046470e+02
7.082172122353981649e+02
7.110815942581248237e+02
7.060919873727439153e+02
7.123605020252912254e+02
7.083427413618729815e+02
7.082688131415576436e+02
7.140328513601816667e+02
7.107062062949493111e+02
7.158904448532188098e+02
7.130956256838214813e+02
7.143334988052140488e+02
7.143649756779035442e+02
7.183406122520190138e+02
7.159684975271038638e+02
7.212848798911193171e+02
7.221093188374109104e+02
7.197438656613051080e+02
7.262487262741581162e+02
7.240982808830061686e+02
7.241800627550343279e+02
7.296683813362806177e+02
7.286158177375031073e+02
7.326965019809556452e+02
7.359890890944934654e+02
7.375566479898508305e+02
7.397823469928173381e+02
7.388291702296486392e+02
7.450394303033860979e+02
7.415995119095445034e+02
7.462458189524309091e+02
7.491963794899802451e+02
7.582805969561093207e+02
7.542209011292468404e+02
7.601544128368134352e+02
7.580238891174786886e+02
7.700662020292559191e+02
7.758513632739105788e+02
7.680765946842085441e+02
7.799466511040761816e+02
7.794402281843349556e+02
7.766539862256418019e+02
7.909695381695331662e+02
7.839586204743114877e+02
7.923998062976673964e+02
7.943271714765957086e+02
8.004138101420276143e+02
7.985627098681463849e+02
8.148059991927646024e+02
8.232961483224788708e+02
8.264089864283595261e+02
8.257904190495800094e+02
8.390240013818196303e+02
8.440306333661392273e+02
8.489711664763011640e+02
8.529464435621847542e+02
8.537756033503859499e+02
8.721641658146412510e+02
8.780971042677257401e+02
8.815947233846167137e+02
8.800117560010052102e+02
9.038367425305816596e+02
9.029815407810190209e+02
9.176820710277028184e+02
9.326567207859487780e+02
9.302338923953250287e+02
9.540150842431768297e+02
9.581464550991111082e+02
9.602818274775412419e+02
9.791419812705993309e+02
9.906498473888852914e+02
1.014662725608640130e+03
1.009073138358790175e+03
1.034031829380704721e+03
1.033137114103315980e+03
1.062194939519577702e+03
1.080010991829949035e+03
1.091512308229627024e+03
1.100331805675046098e+03
1.121489065706140309e+03
1.122363479808711645e+03
1.133520286434784339e+03
1.143113456454826519e+03
1.166932484548344291e+03
1.169526630075129333e+03
1.178788349074012785e+03
1.202031112330938186e+03
1.204033280575460822e+03
1.215371406525903012e+03
1.212500774761705770e+03
1.236250225544677505e+03
1.238756591185653633e+03
1.256722776656260521e+03
1.263059374876144602e+03
1.262525517338843429e+03
1.279483078464837718e+03
1.293248875322003187e+03
1.287277654446768793e+03
1.293211938778845251e+03
1.303608304940096787e+03
1.293813438678074590e+03
1.314532387940241051e+03
1.320294866514278965e+03
1.322851431576667210e+03
1.358242403045004494e+03
1.346209839388334331e+03
1.354686372719187375e+03
1.364865627072718780e+03
1.368558237051089236e+03
1.357101670435916276e+03
1.380468720135321519e+03
1.392504315472179997e+03
1.377377065876299412e+03
1.391995447884797841e+03
1.380559252599242654e+03
1.403814626671907263e+03
1.416161161139191790e+03
1.397034781401940563e+03
1.406172485592256635e+03
1.425384283127368462e+03
1.423211842295513634e+03
1.430156109736043618e+03
1.438808585884489048e+03
1.423428769296214796e+03
1.447284293029689479e+03
1.438496779746564698e+03
1.443127998348111760e+03
1.449579237196892791e+03
1.470553339010474247e+03
1.462728057786302998e+03
1.448226463438636074e+03
1.466157273194650543e+03
1.477744366749119536e+03
1.477152363617060473e+03
1.474497077775894013e+03
1.489149439940196999e+03
1.500206164798125428e+03
1.519563085974224805e+03
1.501734084842963057e+03
1.515442145992276892e+03
1.512974604401592842e+03
1.521969999767590252e+03
1.511805779510059438e+03
1.533342236605768903e+03
1.523154913441383997e+03
1.537901099109267989e+03
1.533599328942625334e+03
1.550618254482579687e+03
1.531634531189152085e+03
1.555732087677318077e+03
1.560104345168386772e+03
1.564776353040966796e+03
1.562769283139647996e+03
1.550419702820457132e+03
1.572375107267155045e+03
1.562828708778103874e+03
1.571424360561217782e+03
1.571172566999861147e+03
1.582706868526958942e+03
1.597762022514004911e+03
1.602813607330597506e+03
1.595026889764768384e+03
1.591105075825041240e+03
1.629850210406722226e+03
1.609954750096464977e+03
1.594856808556297665e+03
1.615784996046680590e+03
1.640872813018640045e+03
1.614127026726969916e+03
1.617356442467023726e+03
1.614883879845099500e+03
1.646755576728737196e+03
1.638939242068842077e+03
1.643720242822636010e+03
1.656399321982044967e+03
1.650768881210584595e+03
1.655781291757888994e+03
1.675378443395300110e+03
1.677471117546831010e+03
1.669151557165476561e+03
1.662802035828005501e+03
1.661475300688804737e+03
1.676735184339112038e+03
1.690965599950512114e+03
1.707066570055515967e+03
