1.154100987472905217e+03
9.385087417428903791e+02
8.523490235908518571e+02
7.861435853874090753e+02
7.492549521573344009e+02
7.261984851783337263e+02
7.219842368424838241e+02
7.124906711443273934e+02
7.119720625827590084e+02
7.103861789426433688e+02
7.070095342169228161e+02
7.051606142839411859e+02
7.098161683755652120e+02
7.073461297475944320e+02
7.061525116677811411e+02
7.100682002036046470e+02
7.082172122353981649e+02
7.110815942581248237e+02
7.060919873727439153e+02
7.123605020252912254e+02
7.083427413618729815e+02
7.082688131415576436e+02
7.140328513601816667e+02
7.107062062949493111e+02
7.158904448532188098e+02
7.130956256838214813e+02
7.143334988052140488e+02
7.143649756779035442e+02
7.183406122520190138e+02
7.159684975271038638e+02
7.212848798911193171e+02
7.221093188374109104e+02
7.197438656613051080e+02
7.262487262741581162e+02
7.240982808830061686e+02
7.241800627550343279e+02
7.296683813362806177e+02
7.286158177375031073e+02
7.326965019809556452e+02
7.359890890944934654e+02
7.375566479898508305e+02
7.397823469928173381e+02
7.388291702296486392e+02
7.450394303033860979e+02
7.415995119095445034e+02
7.462458189524309091e+02
7.491963794899802451e+02
7.582805969561093207e+02
7.542209011292468404e+02
7.601544128368134352e+02
7.580238891174786886e+02
7.700662020292559191e+02
7.758513632739105788e+02
7.680765946842085441e+02
7.799466511040761816e+02
7.794402281843349556e+02
7.766539862256418019e+02
7.909695381695331662e+02
7.839586204743114877e+02
7.923998062976673964e+02
7.943271714765957086e+02
8.004138101420276143e+02
7.985627098681463849e+02
8.148059991927646024e+02
8.232961483224788708e+02
8.264089864283595261e+02
8.257904190495800094e+02
8.390240013818196303e+02
8.440306333661392273e+02
8.489711664763011640e+02
8.529464435621847542e+02
8.536290155766525913e+02
8.700175628155940331e+02
8.737608503859686380e+02
8.746565937315251631e+02
8.695831063967190175e+02
8.887345397132536391e+02
8.852775497788211396e+02
9.014388629526406476e+02
9.085393886921744979e+02
9.053359945411043554e+02
9.197538378525094913e+02
9.202176711582490043e+02
9.292012355719173229e+02
9.365259053084455445e+02
9.417716712286492111e+02
9.617066814118167031e+02
9.534434857510690335e+02
9.541030466514619093e+02
9.651980455027197650e+02
9.825164568681582296e+02
9.935846842236852581e+02
9.950472321481928475e+02
1.007925661543222418e+03
1.020449671129366379e+03
1.015497626965327868e+03
1.020903538728938202e+03
1.030450872798203136e+03
1.046101905437203868e+03
1.047275052158036033e+03
