3.985518898480767014e+00
4.909458015785718388e+00
4.336336609740406800e+00
4.583210296109076154e+00
4.435113125872399920e+00
5.115794567650653768e+00
5.153606232319103420e+00
4.670960932202679494e+00
5.136337094014383098e+00
5.571298992774165626e+00
5.020923618796717669e+00
5.098695709311495072e+00
4.987996658766455482e+00
5.422872767051239329e+00
5.556002016426186962e+00
4.600824427420105778e+00
4.333021734703338623e+00
4.998369652476564617e+00
5.313550015312172192e+00
4.714797352386093543e+00
