-4.203250214038153354e-01
3.920617765615845851e-01
-1.365263241501484925e+00
-1.467501711606041148e+00
-2.990358586511670524e-01
2.620608245036903372e-01
-3.505648262434855056e-01
-5.008984808938448108e-01
6.485417304228912050e-01
1.158435769630927537e+00
-8.371852189155557511e-01
-6.514483108996044214e-01
2.141022408339398886e-01
7.755094034976800499e-01
5.340910668827277691e-02
-8.151344458840711349e-01
-5.209079057018622949e-01
9.858464674198759159e-01
-4.704121348218291421e-01
-1.084005047924686549e+00
