6.754571830089101070e+01
-6.914041540347555781e+01
6.091749882976238695e+01
-7.141026223191566658e+01
6.441359809168368145e+01
-7.228040241269982857e+01
6.639138482381684980e+01
-6.250352589358679722e+01
6.683685084817982158e+01
-6.790652240429575670e+01
6.061341092996551794e+01
-6.855788709640744116e+01
6.380299406868223855e+01
-6.925988810698433440e+01
6.735826778604044307e+01
-6.469943118747282540e+01
5.986272739867641235e+01
-6.245737899735345167e+01
6.103276432755193071e+01
-6.992734239060018808e+01
