-2.375995394909957703e-01
2.595471894737402807e-01
-1.397270167925445339e+00
-1.270339078011854639e+00
-1.669891374961692543e-01
2.020917079857040555e-01
-4.273971736524688758e-01
-4.489187626867900960e-01
8.334784228337064338e-01
9.899959187815836614e-01
-8.344916674878161134e-01
-5.599594419366961118e-01
3.029255913380670684e-01
6.539086953708215244e-01
1.523052635547973016e-02
-6.898843918548016596e-01
-3.808751701471460582e-01
7.068769165360575535e-01
-4.634885091172338267e-01
-9.672703025330142701e-01
