-2.458667581867826982e-02
2.271733960420631859e-01
-1.532148312115567235e+00
-1.575924108756080688e+00
-2.187908912805706929e-01
-1.839105948888158371e-01
-3.438544101513408280e-01
-1.621828956390694298e-01
1.004063101430587190e+00
1.017584849146034642e+00
-1.075986197308963499e+00
-7.029686804716698267e-01
2.427162402680395903e-01
4.633802382648072871e-01
9.099844997478137576e-02
-5.828018282526888916e-01
-5.153535529426049866e-01
1.215003651754212655e+00
-6.269107440473888904e-01
-1.165218554561822772e+00
