-6.514044217588285113e-01
7.315120510191736036e-01
-1.082682314431113069e+00
-1.882015644275098820e+00
-8.567797911980800096e-01
3.567822888710016072e-01
1.137125386751692974e-01
-4.706468524071052983e-01
3.736155905481383654e-01
1.546268286065373809e+00
-6.775050317572181013e-01
-9.372335673370677522e-01
-4.119477072861795208e-01
1.050000798622469533e+00
5.595200557270199049e-01
-9.402406962469453955e-01
-1.146448274243358156e+00
1.660767950190596309e+00
-2.026559315187074772e-01
-1.434874814381891683e+00
