-7.813153939119069080e-02
1.005704582498531341e+00
-1.650176055076652881e+00
-1.746722023280996794e+00
-5.868758113629596318e-01
6.088217801588498013e-01
-3.978482904902283512e-01
-3.704640518565298635e-01
8.030418626868595089e-01
1.901188543362249517e+00
-1.274062852172980209e+00
-8.645756326924283197e-01
-2.180693004080452857e-01
1.310751551208702681e+00
9.831647662926480680e-02
-8.054843903639050673e-01
-1.022863904832075788e+00
2.007833329736671946e+00
-7.657199210019925983e-01
-1.336958090250679021e+00
