8.392801026883955906e-01
7.051798067386738644e-01
-2.228115248122571224e+00
-2.684783486987826873e+00
1.164727884550140313e+00
6.808060090895079464e-01
-1.326988652760709986e+00
-2.259039247342972345e+00
1.956580339969038906e+00
1.404692644232241605e+00
-1.594228272583087636e+00
-2.046571589419561743e+00
1.695441274481903404e+00
1.087135675905692933e+00
-8.552904920374081454e-01
-2.452156070725601378e+00
1.004481895571046168e+00
1.185207224299875239e+00
-1.258687909229288415e+00
-2.469670863274345152e+00
