-4.400814290460538558e+01
-4.352553759388678145e+01
-4.299172167424526947e+01
-4.249783300950438303e+01
-4.210175249790421503e+01
-4.145199048161408939e+01
-4.058910398170177558e+01
-3.972861121090510039e+01
-3.922980737093386949e+01
-3.824138580197280390e+01
-3.756474101599920346e+01
-3.682045585055280412e+01
-3.606976895323423093e+01
-3.572875403487356039e+01
-3.501977915491499260e+01
-3.432730304082573980e+01
-3.408225600164020364e+01
-3.314148906705289477e+01
-3.288290288156991892e+01
-3.276439018750963328e+01
-3.247356567316194287e+01
-3.208195331831718278e+01
-3.174698189143121851e+01
-3.154654970188419227e+01
-3.126465125686510405e+01
-3.075203932946674001e+01
-3.053736017710616935e+01
-3.068042194643488685e+01
-3.047439846831797183e+01
-3.019933021645533699e+01
-3.070345135706103434e+01
-2.996588500998256421e+01
-3.053978465057709002e+01
-3.066359116358110271e+01
-3.022362122058891742e+01
-3.055729024457859211e+01
-3.027733989626764810e+01
-3.043030956486762406e+01
-3.030936367812811127e+01
-3.066508115822784930e+01
-3.048644006695225528e+01
-3.062414177878615007e+01
-3.069424752542943935e+01
-3.032934177704620637e+01
-3.055977002499239958e+01
-3.046961267522894445e+01
-3.042239530587923824e+01
-3.074106239080923686e+01
-3.069452663043871610e+01
-3.068293920268126129e+01
-3.066129662784107524e+01
-3.063156536421966791e+01
-3.073343911227469150e+01
-3.083407236937707196e+01
-3.075362281312290236e+01
-3.077298006200794944e+01
-3.083842508827610374e+01
-3.076919473348963763e+01
-3.089439535300304485e+01
-3.097837229892690303e+01
-3.101146909039866628e+01
-3.083399261459620888e+01
-3.125174429230530748e+01
-3.082332397362629806e+01
-3.090049769987981776e+01
-3.077842666279771677e+01
-3.111604588549926831e+01
-3.096703452574158888e+01
-3.113275153578984700e+01
-3.111836057838558389e+01
-3.127612826261968593e+01
-3.087269721500419806e+01
-3.128655651647258651e+01
-3.128324802350582345e+01
-3.122795641632815133e+01
-3.127819606203073022e+01
-3.148648597036569896e+01
-3.135596715936806689e+01
-3.146079729635663824e+01
-3.128915354493555867e+01
-3.133825617472284719e+01
-3.137958947423617317e+01
-3.124827266642165569e+01
-3.090745603754255910e+01
-3.136344177976183545e+01
-3.111783906617063167e+01
-3.144565410484634782e+01
-3.126273128668346857e+01
-3.136173468397609199e+01
-3.108278332350828776e+01
-3.135439541829829579e+01
-3.160657409413846608e+01
-3.126799765225226935e+01
-3.160652227425090643e+01
-3.140721785042537206e+01
-3.159635017411590141e+01
-3.159502753932673969e+01
-3.140876860023529815e+01
-3.145766391868883005e+01
-3.134643358192867169e+01
