-1.141104131536855082e+00
-7.135401048012166569e-01
-4.576940973861988726e-01
-1.476882600732428996e-01
-2.807063922676229506e-01
1.047741694200544083e-01
5.051299067008219179e-01
4.305209510006346441e-01
8.945324165208640155e-01
9.178064024352339256e-01
1.071719295982755504e+00
1.315362123364865354e+00
1.293766804641552470e+00
1.269004040979640813e+00
1.224975541910973353e+00
1.377351511640201309e+00
1.418411525525818284e+00
1.578331227182602214e+00
1.611201605951917415e+00
1.536923020894684466e+00
1.432854869733880987e+00
1.477980939251245740e+00
1.463517317899804437e+00
1.228522552279706304e+00
1.443266452575685532e+00
1.654842754232306534e+00
1.658714730153147743e+00
1.563814780375339275e+00
1.520128326687743892e+00
1.378873948834327123e+00
1.314210845906806702e+00
1.509294943996736693e+00
1.217153161061921951e+00
1.438878963632407304e+00
1.366760842471032023e+00
1.453500474248809793e+00
1.342715214782957300e+00
1.436867511411749510e+00
1.611954507759897792e+00
1.437346533498812029e+00
1.544379886279345859e+00
1.384527120620424379e+00
1.599797940118347306e+00
1.486156315460186450e+00
1.498371840633359042e+00
1.467877510458626800e+00
1.487894628139859510e+00
1.597831114875572833e+00
1.350596239075752214e+00
1.571621058667487691e+00
1.553543951444786408e+00
1.661591872536989589e+00
1.629833599654611831e+00
1.591062101109440574e+00
1.657143911427523708e+00
1.653456254035720718e+00
1.572119449101444966e+00
1.826442765171517824e+00
1.583460243679088997e+00
1.728919156022242554e+00
1.510693910202388413e+00
1.715219349724836029e+00
1.740693928369321242e+00
1.843324370404590740e+00
1.779347942626355650e+00
1.926031065317694191e+00
1.841420045350949719e+00
1.878642655231524294e+00
1.807284989396240160e+00
1.915557541585254153e+00
1.979358735034870254e+00
2.025335079977599761e+00
2.121941261541330448e+00
2.120721589277179575e+00
1.951295908129154766e+00
1.925339335992529710e+00
2.038047761219244247e+00
2.045635370128721320e+00
2.137518831322685831e+00
2.229454694042320551e+00
2.105162772047141750e+00
2.174168693545104780e+00
2.408288007594541646e+00
2.519098645169748796e+00
2.223306612124692272e+00
2.352605714051117847e+00
2.349666090870990320e+00
2.314500192650079669e+00
2.175107791365179288e+00
2.250562129238525166e+00
2.326070708664792264e+00
2.119222811187545297e+00
2.555406776434337335e+00
2.188775149564853972e+00
2.377138369442358456e+00
2.255387069436343150e+00
2.121341678034667222e+00
2.264810973857426468e+00
2.379421721418605529e+00
2.529883998754046015e+00
2.272667370998813663e+00
2.367127410400908794e+00
2.171755588245594559e+00
2.230300923083547548e+00
2.448035043021508983e+00
2.238144893975208660e+00
2.499858795493590247e+00
2.501531419916684040e+00
2.348761287627488592e+00
2.406198591684253874e+00
2.491880795690041062e+00
2.427429931996373025e+00
2.312387114342833616e+00
2.323755548101066992e+00
2.438504383977361467e+00
2.246223664388248054e+00
2.501125616069034940e+00
2.466518696242010922e+00
2.464427149261213312e+00
2.265440659122763822e+00
2.459347106982641140e+00
2.548151294656465726e+00
2.417746084210844693e+00
2.535078373129337148e+00
2.420775679756681065e+00
2.334928946527117688e+00
2.367991874935333474e+00
2.424257940914538612e+00
2.347086488011088434e+00
2.242863060784285878e+00
2.323982091824595919e+00
2.475345704264754421e+00
2.502721185596094688e+00
2.372272404859799178e+00
2.339450824472682378e+00
2.320342806816135806e+00
2.253243405973436086e+00
2.439044836675350325e+00
2.438845578342879072e+00
2.314457484297732126e+00
2.276822962502454750e+00
2.304016266227917775e+00
2.380924556973945894e+00
2.487206015076441457e+00
2.305419129035616965e+00
2.458082056062861565e+00
2.340765492606504683e+00
2.468195584656275088e+00
2.442854256676487701e+00
2.362750055161072726e+00
2.429237542051903898e+00
2.321675795897187200e+00
2.424947061193271747e+00
2.512605921143868049e+00
2.410552370120211396e+00
2.429921466510707173e+00
2.491947412499249559e+00
2.539586826309895073e+00
2.419681978616075924e+00
2.539616112408881854e+00
2.618158487904536535e+00
2.284607993195440834e+00
2.486733704651061583e+00
2.457275008014544682e+00
2.617586276980900184e+00
2.544420440149912643e+00
2.427956310058685396e+00
2.550598740459143698e+00
2.393276604160789578e+00
2.556147011361583399e+00
2.610216270121490378e+00
2.354275572990320864e+00
2.574023410601429251e+00
2.634431913649045498e+00
2.553495668425338927e+00
2.678887307559743025e+00
2.489665642637306942e+00
2.488783454283530538e+00
2.448165564041953512e+00
2.523437232690140419e+00
2.666807946197932377e+00
2.600552049645543207e+00
2.517827240808394595e+00
2.392873195592990054e+00
2.572252674051459298e+00
2.751403902665237933e+00
2.382160459248844120e+00
2.511711290411800412e+00
2.609112978543650652e+00
2.544531969696167018e+00
2.591238594795997940e+00
2.614258908015926863e+00
2.705401154737245850e+00
2.508377980684757258e+00
2.709235865766700613e+00
2.655556231634370601e+00
2.453687796709056901e+00
2.626897355665578360e+00
2.675200413464412286e+00
2.616741325763730863e+00
