5.521759924829495958e+00
1.172395136340773014e+01
1.321625164943487363e+01
1.480867636586298097e+01
1.724974703352864580e+01
1.806081517661305469e+01
1.958631799839623611e+01
1.863129450151699018e+01
2.193915270072752932e+01
2.315073353061118766e+01
2.517264380912288146e+01
2.673796746897496845e+01
2.667894057884286951e+01
2.685111679547444297e+01
2.594354541489603960e+01
2.576719630087313107e+01
2.584249517809861629e+01
2.473679853387582028e+01
2.486084640180142458e+01
2.374332893334610617e+01
2.326579675403061387e+01
2.347447788798029222e+01
2.343274021354784864e+01
2.286735285826349440e+01
2.367561888282784821e+01
2.258326408190986712e+01
2.343913823385458528e+01
2.298112341920180413e+01
2.356305941638721535e+01
2.275224612472528918e+01
2.307627152359674483e+01
2.341839930045549778e+01
2.268770442345503469e+01
2.333107563126123907e+01
2.377221160784152332e+01
2.325932161648296059e+01
2.339067892368733936e+01
2.368985327023847987e+01
2.376566349715456639e+01
2.270434177878567539e+01
2.341774974924141617e+01
2.320055101268594200e+01
2.352698242678453511e+01
2.361990072263807861e+01
2.269934726489383081e+01
2.356123044023019020e+01
2.293642933579633336e+01
2.356037684059709747e+01
2.328113751085249916e+01
2.287271385320791950e+01
2.272377882481011468e+01
2.344087594650746098e+01
2.332981720030371164e+01
2.320272675510992855e+01
2.341220699602131461e+01
2.344899570487157447e+01
2.348718809640567429e+01
2.339564048714326105e+01
2.341347373055087289e+01
2.319096284248366402e+01
2.304070213335918638e+01
2.388684998785787528e+01
2.337993198719343013e+01
2.401275703968989461e+01
2.317412653935492628e+01
2.304837265935108803e+01
2.316626324742875198e+01
2.347272389249949143e+01
2.330611661468350349e+01
2.304217144149631835e+01
2.344789052620402003e+01
2.406235811409547765e+01
2.308999621726273332e+01
2.337388329996591096e+01
2.350110730991272234e+01
2.330475548509762262e+01
2.348542395144392714e+01
2.364477778512938144e+01
2.347049929569699245e+01
2.374685661148690841e+01
2.313239394540057958e+01
2.368094985293471311e+01
2.382375704530208438e+01
2.394933361221466228e+01
2.344494762717602043e+01
2.384560685561996252e+01
2.358166542636102747e+01
2.389801982925667900e+01
2.364917576706779556e+01
2.344109208331306249e+01
2.344062551661383154e+01
2.363434746915916307e+01
2.393512388636571231e+01
2.375517710141322425e+01
2.406686577866892662e+01
2.352918436682199399e+01
2.315945734333319805e+01
2.385517602590561026e+01
2.372162106563523665e+01
2.340678795367579923e+01
2.339018550519042705e+01
2.372709453538957902e+01
2.386201741207304394e+01
2.350551082398969527e+01
2.393040774930046055e+01
2.354739055418474791e+01
2.383077541162412771e+01
2.375963871762370871e+01
2.377905789959759630e+01
2.371716111316192155e+01
2.403423507065578946e+01
2.383329716619565986e+01
2.369167097068366346e+01
2.368160306611477850e+01
2.363547036706285454e+01
2.362902178770135464e+01
2.411570385450836440e+01
2.390253101061461649e+01
2.397088340722664768e+01
2.362829526347507780e+01
2.416792689071358424e+01
2.376406263492950188e+01
2.381642148094096001e+01
2.385705211684237526e+01
2.380108308917911586e+01
2.398397968493311438e+01
2.408255952840545078e+01
2.421047558675498479e+01
2.394143064044455826e+01
2.362428050481038611e+01
2.412922104630441211e+01
2.417139575062803658e+01
2.389236345699367803e+01
2.374174343645048424e+01
2.366349965590140059e+01
2.411993050739593158e+01
2.373661471407164925e+01
2.404651489250604257e+01
2.390720033060300054e+01
2.374566046149968912e+01
2.388612414646130233e+01
2.385258659137910797e+01
2.391652233674548356e+01
2.398358598827113042e+01
2.394373788682623072e+01
2.400479313913928792e+01
2.401547176951499907e+01
2.412268925429694733e+01
2.441543307552777264e+01
2.420922944399736210e+01
2.418647919268133961e+01
2.399898493060936389e+01
2.387107690972834462e+01
2.405750414066093867e+01
2.420181832019439838e+01
2.393002005812215316e+01
2.436496235845903158e+01
2.422378538757158495e+01
2.411265223685722603e+01
2.454525342512977915e+01
2.398433817621266329e+01
2.408026230034026938e+01
2.399627774411119674e+01
2.399771014012234360e+01
2.412202727629564691e+01
2.427999608991824232e+01
2.386196925471693575e+01
2.439727528473234131e+01
2.431782004764637506e+01
2.409615719308929016e+01
2.415068007971893493e+01
2.403205942878364709e+01
2.401897484932765892e+01
2.415120036386262115e+01
2.430954914745007400e+01
2.400236251124680820e+01
2.397175004007153376e+01
2.416057061381693316e+01
2.414416869057070869e+01
2.414431241440667364e+01
2.424563840252491431e+01
2.382869157231640855e+01
2.409108581130755056e+01
2.414872574478147982e+01
2.405631874425849048e+01
2.432011470509908335e+01
2.373562657356701777e+01
2.403363765528706963e+01
2.393691020817807313e+01
2.407945830538472620e+01
2.407500189803510082e+01
2.405970423600474106e+01
2.409110987778697677e+01
2.404414027925940189e+01
2.427202969279685973e+01
2.402109240464315221e+01
2.387244334003933233e+01
2.398310679766314379e+01
2.381984061122667029e+01
2.399354081334567113e+01
