-1.049008136577531447e+00
-5.706335373910613740e-01
-3.082776642223750696e-01
-4.776969210535500542e-04
-6.821875275354148671e-02
3.440607404993921703e-01
7.752553680311583539e-01
7.187413552609819289e-01
1.211410672374304109e+00
1.111745126209592538e+00
1.273845575101566041e+00
1.442953832470151854e+00
1.432960296515696674e+00
1.335133462734158671e+00
1.271787208514664869e+00
1.426313784402680085e+00
1.468207676141322748e+00
1.587577358671136141e+00
1.627642971821119611e+00
1.496676259788826124e+00
1.358158567143128881e+00
1.428761701416647600e+00
1.361825380349712233e+00
1.198397970794302880e+00
1.404359667943644974e+00
1.591176095801725143e+00
1.594588463441698023e+00
1.468370871716475401e+00
1.509712757782329717e+00
1.364420591503309188e+00
1.291296442763505858e+00
1.521186160857863179e+00
1.268550214919853758e+00
1.401195488189737715e+00
1.348869656506697767e+00
1.402665350966132429e+00
1.277102564411203733e+00
1.385173767949770651e+00
1.518352124049022089e+00
1.359992645381818521e+00
1.412999380433610952e+00
1.111168694265565193e+00
1.440000845664444196e+00
1.312812823217222258e+00
1.246694489802029349e+00
1.289940868658577822e+00
1.302513243376508090e+00
1.426731609039036064e+00
1.170377737920426320e+00
1.279342850789806363e+00
1.268026020975069335e+00
1.363584695787033674e+00
1.278339559373327328e+00
1.329883990608609512e+00
1.245141035812075136e+00
1.311385050663836926e+00
1.216237118730019828e+00
1.410116098000874452e+00
1.217005458441134502e+00
1.284381055365186430e+00
1.017052678629004170e+00
1.220871482272202657e+00
1.114815019945595731e+00
1.235231115193683227e+00
1.238929714769456014e+00
1.319627829196562407e+00
1.246380052132483263e+00
1.304374392665325288e+00
1.124564549989609752e+00
1.299724367966434979e+00
1.405439643450263398e+00
1.294815275008142752e+00
1.341875634147944973e+00
1.336331802383568856e+00
1.169934101356838063e+00
1.259339756067973104e+00
1.228955313569398022e+00
1.215979546912721032e+00
1.203040366490419455e+00
1.298165124277302462e+00
1.211051570263196986e+00
1.335545580380303354e+00
1.507610234705000440e+00
1.654427837645596533e+00
1.336575140874622480e+00
1.458582038526072822e+00
1.364123997375367825e+00
1.433944246291173119e+00
1.431602162331776285e+00
1.403689647883670677e+00
1.525870042596115583e+00
1.233175453807774602e+00
1.658614736204480300e+00
1.445192569418964013e+00
1.565488260087300576e+00
1.444288655696952528e+00
1.299578164121533375e+00
1.582018739204188229e+00
1.573415269600137334e+00
1.841440562511896362e+00
1.406730965342137152e+00
1.549452450520833802e+00
1.400700760681212298e+00
1.505346716493028758e+00
1.813154024347582327e+00
1.608507247435200460e+00
1.785599130107393018e+00
1.730970829674040701e+00
1.698877171835736277e+00
1.800587895016044326e+00
1.846434942459497908e+00
1.730014870519505310e+00
1.710881528048563638e+00
1.769672069319321750e+00
1.875243540283532573e+00
1.720154704787969502e+00
1.783420784069174703e+00
1.806438189845422482e+00
1.858547373117094725e+00
1.643816565655424888e+00
1.871870693263333552e+00
1.947595236051538281e+00
1.854286885996567324e+00
1.972985001774661074e+00
1.979921003297269166e+00
1.786280232795882217e+00
1.871932393623218172e+00
1.863998377888515412e+00
1.802121444084214819e+00
1.794018977196752518e+00
1.928246249236040599e+00
1.983409882532862545e+00
1.962773578351383996e+00
1.919895710515250098e+00
1.906236810494142064e+00
1.930911861319556611e+00
1.791151541189485386e+00
1.851726083612661444e+00
2.052984980358644851e+00
1.906040662615428261e+00
1.832186539271227321e+00
1.843208771826749137e+00
1.885521036662021199e+00
2.090249610667303859e+00
1.874869601157983512e+00
2.044795735438465822e+00
1.884299634897643738e+00
1.965717820310345143e+00
1.975678147894553982e+00
1.963901282569591622e+00
1.932868830030205043e+00
1.804737557464867859e+00
1.899832241994472426e+00
1.892875592370058868e+00
2.000285559494045184e+00
1.980081523760273132e+00
2.002998965462261527e+00
1.997136727834905257e+00
1.938573604750154278e+00
2.011060424489296228e+00
2.009277636438437931e+00
1.792710650707732611e+00
1.990195921427791781e+00
2.038491061895227219e+00
2.068915734653753002e+00
2.048716838671132301e+00
1.916096763926477209e+00
2.066368782376076130e+00
1.897675346438572497e+00
2.014196187918498193e+00
2.050714196100766884e+00
1.774056738978196046e+00
2.002275620754708996e+00
1.987436231133526965e+00
2.041139171473906888e+00
2.039783389385747991e+00
1.997399707424663440e+00
1.918867153699499006e+00
1.940172913690389578e+00
1.887004511097040371e+00
2.051081514222266922e+00
1.984727092346056265e+00
1.961126989075009153e+00
1.861405649163185849e+00
1.955279875338647333e+00
2.100093575920597200e+00
1.765983638287154989e+00
1.885828422231583978e+00
1.943827353503239763e+00
1.952499870387168102e+00
2.050434299853050035e+00
1.995092890044592338e+00
2.099365327236639711e+00
1.940102253665521248e+00
2.069916102439488093e+00
1.938962951177565452e+00
1.867354537165727191e+00
1.962631163392813072e+00
1.984954183693113272e+00
1.975746576038046376e+00
