6.611236404343783235e-01
6.635525668811521616e-01
8.722585997458491835e-01
6.090538342188499543e-01
7.212539834707558661e-01
7.025900725986765627e-01
6.280363446001339112e-01
6.109836088555973266e-01
8.494110902783021944e-01
8.007415706357268181e-01
6.339169232942920562e-01
6.807137564912628669e-01
8.029640474076935597e-01
7.135161228914166376e-01
7.066855171740922259e-01
7.204651621614801549e-01
6.082746393922038308e-01
7.287783537568867098e-01
7.972223005283068931e-01
6.498049608772443753e-01
6.023132256279336572e-01
5.535789663512858949e-01
7.777265109900611817e-01
7.649810098043233753e-01
6.800422925156847098e-01
5.622698986080613137e-01
7.776824854716046787e-01
5.932147749099161427e-01
7.119331618039765885e-01
7.964145158348222564e-01
7.134379551273517528e-01
6.477018365691319390e-01
7.439057919232557881e-01
8.273385062325844252e-01
6.949313642449048700e-01
7.348799424534732116e-01
7.262112536215074021e-01
7.510585085995948873e-01
7.621786756142242547e-01
6.893685602090927622e-01
7.573144233466999609e-01
6.964841775204652086e-01
6.699047137119354955e-01
7.418459931170603427e-01
6.936667185787948053e-01
7.282229752998539141e-01
6.405278872893459541e-01
7.728071038521386882e-01
6.587216904891919356e-01
7.650987726187020721e-01
7.185790252225656705e-01
7.050843211311312864e-01
7.358930106904608692e-01
8.174744985353282756e-01
7.068456447392126307e-01
6.963069749471755276e-01
7.195460014814484273e-01
6.621015844169330089e-01
6.647874162370626117e-01
6.255416631213501777e-01
7.701548475946788930e-01
6.482018948138607017e-01
7.283391057215293785e-01
6.845213164981727161e-01
6.993042039785045683e-01
6.996725337773541664e-01
6.599401400995018596e-01
6.637050856677674249e-01
6.262613520424601399e-01
8.001354031905142383e-01
6.821555111817870776e-01
6.955954009255560511e-01
6.276001242623585608e-01
7.167609805218819741e-01
8.305748639547473333e-01
6.212292058332420375e-01
6.533343730439088448e-01
7.559019656563734646e-01
7.731194578630580239e-01
6.951106260262694958e-01
6.984608364115684198e-01
7.265886979353439745e-01
6.492802712009849708e-01
6.265935191303119156e-01
7.186131875288132020e-01
8.561059865895239707e-01
8.563353018950630169e-01
7.674872785721679191e-01
7.614732713277239107e-01
7.075756313363907868e-01
7.052615667652711862e-01
6.882822222695328396e-01
6.980670640788305681e-01
8.263840789327622227e-01
7.073654664165819339e-01
6.561519637031156815e-01
7.335861041662520288e-01
7.729037209161228050e-01
7.203713926708172899e-01
6.735899996133308809e-01
7.328902725947774588e-01
7.963367873518146789e-01
7.581403570177694951e-01
7.079740691772644645e-01
7.256157410180944511e-01
7.653973690439166422e-01
7.188075920028553778e-01
7.213853099488546361e-01
7.388457663042077295e-01
7.086299533999055322e-01
7.977115615838258345e-01
7.377524711320845308e-01
7.992636259015339917e-01
7.305675560572890692e-01
7.160781135399787445e-01
7.074957536567724192e-01
6.222875620581915790e-01
6.130049166352854462e-01
7.011153176857534142e-01
6.763238715741075602e-01
7.666795847660161645e-01
6.866794609816107009e-01
6.482354347277037299e-01
6.545239179535565777e-01
7.645337190670721261e-01
8.794740091261075143e-01
7.159672591780370521e-01
6.924807237283583383e-01
6.674430871850790536e-01
7.351558460155696029e-01
7.279895049806655027e-01
6.320521487962930118e-01
6.932786123332687067e-01
6.576951252169920270e-01
7.351645378177186219e-01
7.241495690299409871e-01
6.474722847457866637e-01
6.783362795900068631e-01
6.439270355080303210e-01
6.575156185920977281e-01
6.316395894603208383e-01
6.852409196511300982e-01
7.483230572111949641e-01
5.390775928234350367e-01
6.407807700209005031e-01
7.390007009204923039e-01
6.617599915607588201e-01
5.527191004486118331e-01
6.783712749259105390e-01
5.291721251028195239e-01
6.954456932456108964e-01
6.950143803779675888e-01
7.194645394789077608e-01
7.126103352992534390e-01
5.972891852692758796e-01
6.196375334356496456e-01
5.843694362716689295e-01
6.697335748583396198e-01
6.266034121173565952e-01
6.256986420489734080e-01
6.767966998990634364e-01
5.955426601678250886e-01
6.792281336663430480e-01
6.564538713769718647e-01
6.362463344403435084e-01
6.096271147785928823e-01
6.530598551629294146e-01
6.186319689085931772e-01
6.420002307893358795e-01
5.759593564359594131e-01
7.046245046139648638e-01
6.180632353613046970e-01
5.271453354159586491e-01
6.326428374079074990e-01
6.614820951023524520e-01
7.135285224546031868e-01
6.258098308434545398e-01
5.964968925664103638e-01
5.834697700202043924e-01
5.074837465474762999e-01
6.506349982851479252e-01
5.982891750846069945e-01
5.664675048636853560e-01
5.736607599955176884e-01
6.050795178975399979e-01
5.411841445724587807e-01
6.282471978524789558e-01
5.612930623616722015e-01
6.342853250573550206e-01
6.345939502497174312e-01
6.089841723419544550e-01
5.727221899575053454e-01
6.183329424523080764e-01
5.844448207491503844e-01
6.229067327860438041e-01
4.554977007875075645e-01
6.255325966012531547e-01
5.911444544505535248e-01
5.130041961773255110e-01
6.305786075338627450e-01
