-1.141104131536855082e+00
-7.135401048012166569e-01
-4.576940973861988726e-01
-1.476882600732428996e-01
-2.807063922676227286e-01
1.047741694200544915e-01
5.051299067008219179e-01
4.305209510006344220e-01
8.945324165208640155e-01
9.178064024352339256e-01
1.071719295982755504e+00
1.315362123364865354e+00
1.293766804641552470e+00
1.269004040979640813e+00
1.224975541910973353e+00
1.377351511640201309e+00
1.418411525525818284e+00
1.578331227182602214e+00
1.611201605951917415e+00
1.536923020894684466e+00
1.432854869733880987e+00
1.477980939251245518e+00
1.463517317899804437e+00
1.228522552279706304e+00
1.443266452575685532e+00
1.654842754232306312e+00
1.658714730153147743e+00
1.563814780375339275e+00
1.520128326687743892e+00
1.378873948834327123e+00
1.314210845906806702e+00
1.509294943996736471e+00
1.217153161061921951e+00
1.438878963632407082e+00
1.366760842471032023e+00
1.453500474248809793e+00
1.342715214782957300e+00
1.436867511411749287e+00
1.611954507759897792e+00
1.437346533498812029e+00
1.544379886279345859e+00
1.384527120620424379e+00
1.599797940118347306e+00
1.486156315460186450e+00
1.498371840633359042e+00
1.467877510458626800e+00
1.487894628139859288e+00
1.597831114875572833e+00
1.350596239075752214e+00
1.571621058667487691e+00
1.553543951444786408e+00
1.661591872536989589e+00
1.629833599654611831e+00
1.591062101109440574e+00
1.657143911427523486e+00
1.653456254035720718e+00
1.572119449101444966e+00
1.826442765171517824e+00
1.583460243679088997e+00
1.728919156022242554e+00
1.510693910202388413e+00
1.715219349724836029e+00
1.740693928369321242e+00
1.843324370404590740e+00
1.779347942626355428e+00
1.926031065317694191e+00
1.841420045350949719e+00
1.878642655231524294e+00
1.807284989396240160e+00
1.915557541585254153e+00
1.979358735034870254e+00
2.025335079977599761e+00
2.121941261541330448e+00
2.120721589277179575e+00
1.951295908129154766e+00
1.925339335992529710e+00
2.038047761219244247e+00
2.045635370128721320e+00
2.137518831322685831e+00
2.229454694042320551e+00
2.105162772047141750e+00
2.174168693545104780e+00
2.408288007594541646e+00
2.519098645169748796e+00
2.223306612124692272e+00
2.352605714051117847e+00
2.349666090870990320e+00
2.314500192650079669e+00
2.175107791365179288e+00
2.250562129238525166e+00
2.326070708664792264e+00
2.119222811187545297e+00
2.555406776434336891e+00
2.188775149564853972e+00
2.377138369442358456e+00
2.255387069436343150e+00
2.121341678034667222e+00
2.264810973857426468e+00
2.379421721418605529e+00
2.529883998754046015e+00
