5.072547035926402259e+02
2.548248766469636848e+03
3.822027005834944248e+03
4.613140884290116446e+03
4.817442689634432099e+03
5.053798040648953247e+03
5.222388216791357991e+03
5.166664977465932679e+03
5.473183323866106548e+03
5.386676112804432705e+03
5.434159668271566261e+03
5.546196711885907462e+03
5.561735695486321674e+03
5.726014148637836115e+03
5.592346668771469922e+03
5.548139098171763180e+03
5.574563428840989218e+03
5.639580192366147458e+03
5.614764397651142644e+03
5.583004170311191956e+03
5.584311108886571674e+03
5.536514554991625118e+03
5.569018383365091722e+03
5.174269322474719957e+03
5.219956704212353543e+03
5.184730616678933984e+03
5.061285330125536348e+03
5.095040854781848793e+03
4.965849247828564330e+03
4.846445941889186543e+03
4.832068239334147620e+03
4.890642410517491953e+03
4.785785291609669912e+03
4.692221300170259383e+03
4.716929754439769567e+03
4.639477338146431066e+03
4.532815957580633039e+03
4.573545089479020135e+03
4.488222482261833647e+03
4.415587173410671312e+03
4.502884577743090631e+03
4.350058189858744299e+03
4.434531020976767650e+03
4.362328575004157756e+03
4.185024187498667743e+03
4.300055279765805608e+03
4.282173335129055886e+03
4.275354888162774841e+03
4.301035544866173950e+03
4.493096128343317105e+03
4.460033232657475310e+03
4.584752354254896090e+03
4.456451092043428616e+03
4.522614410238346863e+03
4.388734644122493592e+03
4.566660787701284789e+03
4.524075626467460097e+03
4.593119655142418196e+03
4.438672388238452186e+03
4.387404333425653931e+03
4.358369003605675971e+03
4.375994187086388592e+03
4.429412298317421119e+03
4.315733047532289675e+03
4.314729596385196601e+03
4.340132070732190186e+03
4.246421341360199222e+03
4.356989008168990949e+03
4.288055262013618631e+03
4.295700622803369697e+03
4.342392369268894981e+03
4.339646656177422301e+03
4.239251389726385241e+03
4.053146595185553906e+03
4.072169861139574095e+03
4.042874100188341345e+03
3.962770930290190336e+03
3.931138194539578762e+03
3.824567905452547166e+03
3.829972936056661183e+03
3.730316199956314904e+03
3.588775463786575529e+03
3.646581577376533915e+03
3.477995344930737247e+03
3.247919409337532215e+03
3.243645556039016810e+03
3.076109098149921010e+03
3.036061378268793305e+03
2.882321110593155481e+03
2.871905237924026551e+03
2.602844823193332559e+03
2.687589294363531735e+03
2.522930355443509598e+03
2.404619237381106359e+03
2.373444959260549240e+03
2.091505006501678054e+03
2.017110943422335367e+03
1.928916156194952691e+03
1.902635326962318459e+03
1.738744934388408865e+03
