-1.141104131536856636e+00
-7.135401048012163239e-01
-4.576940973861965412e-01
-1.476882600732425943e-01
-2.807063922676217849e-01
1.047741694200542972e-01
5.051299067008226951e-01
4.305209510006355322e-01
8.945324165208645706e-01
9.178064024352322603e-01
1.071719295982753062e+00
1.315362123364864910e+00
1.293766804641551360e+00
1.269004040979639258e+00
1.224975541910971799e+00
1.377351511640200199e+00
1.418411525525817618e+00
1.578331227182600660e+00
1.611201605951917193e+00
1.536923020894682024e+00
1.432854869733879655e+00
1.477980939251245074e+00
1.463517317899803549e+00
1.228522552279705637e+00
1.443266452575684422e+00
1.654842754232305424e+00
1.658714730153146411e+00
1.563814780375337721e+00
1.520128326687742559e+00
1.378873948834326457e+00
1.314210845906806258e+00
1.509294943996735583e+00
1.217153161061920619e+00
1.438878963632405306e+00
1.366760842471030468e+00
1.453500474248809127e+00
1.342715214782955302e+00
1.436867511411747955e+00
1.611954507759896904e+00
1.437346533498811585e+00
1.544379886279344971e+00
1.384527120620422824e+00
1.599797940118346196e+00
1.486156315460184230e+00
1.498371840633356822e+00
1.467877510458625689e+00
1.487894628139857955e+00
1.597831114875572833e+00
1.350596239075751770e+00
1.571621058667484583e+00
1.553543951444785076e+00
1.661591872536988035e+00
1.629833599654611831e+00
1.591062101109438798e+00
1.657143911427521710e+00
1.653456254035718720e+00
1.572119449101443855e+00
1.826442765171516047e+00
1.583460243679087887e+00
1.728919156022241665e+00
1.510693910202387080e+00
1.715219349724835585e+00
1.740693928369319909e+00
1.843324370404590296e+00
1.779347942626354095e+00
1.926031065317693303e+00
1.841420045350949053e+00
1.878642655231523184e+00
1.807284989396239716e+00
1.915557541585253043e+00
1.979358735034868255e+00
2.025335079977599317e+00
2.121941261541329560e+00
2.120721589277178687e+00
1.951295908129153434e+00
1.925339335992529266e+00
2.038047761219244247e+00
2.045635370128720876e+00
2.137518831322685386e+00
2.229454694042320106e+00
2.105162772047141306e+00
2.174168693545104780e+00
2.408288007594540758e+00
2.519098645169748352e+00
2.223306612124691828e+00
2.352605714051116959e+00
2.349666090870990320e+00
2.314500192650078780e+00
2.175107791365179288e+00
2.250562129238524722e+00
2.326070708664792264e+00
2.119222811187545297e+00
2.555406776434337335e+00
2.188775149564853528e+00
2.377138369442358012e+00
2.255387069436343150e+00
2.121341678034666778e+00
2.264810973857426024e+00
2.379421721418605973e+00
2.529883998754046015e+00
2.272667370998812775e+00
2.367127410400908349e+00
2.171755588245593671e+00
2.230300923083547993e+00
2.448035043021508983e+00
2.238144893975208216e+00
2.499858795493590247e+00
2.501531419916683152e+00
2.348761287627487704e+00
2.406198591684252985e+00
2.491880795690041062e+00
2.427429931996371693e+00
2.312387114342833172e+00
2.323755548101066548e+00
2.438504383977361467e+00
2.246223664388248498e+00
2.501125616069034496e+00
2.466518696242010478e+00
2.464427149261214200e+00
2.265440659122763822e+00
2.459347106982641584e+00
2.545246398830712131e+00
2.421318271466013528e+00
2.553022303163271722e+00
2.421648633157834851e+00
2.373141323949532921e+00
2.386932821775845426e+00
2.440716623024048015e+00
2.405321077366563198e+00
2.282886101841101745e+00
2.362841715001508636e+00
2.506577096690243422e+00
2.530079653366761328e+00
2.426348084867690158e+00
2.338300121481931892e+00
2.378098769780589983e+00
2.339976623628607477e+00
2.505397216506967784e+00
2.572362200461427495e+00
2.380055282722780330e+00
2.311350268257028606e+00
2.459118070745032636e+00
2.465933905540886428e+00
2.582517659328072757e+00
2.381727588881344726e+00
2.579395612117052039e+00
2.412363311169729574e+00
2.589961983612425023e+00
2.539400365924576519e+00
2.451721854774025378e+00
2.524070825118422512e+00
2.387998281046747717e+00
2.490396211961166895e+00
2.553687863391615576e+00
2.545126003110274926e+00
2.512113449025264345e+00
2.537020438705522629e+00
2.597948661307725171e+00
2.420352540122456375e+00
2.693207747814287512e+00
2.682476924921166184e+00
2.357034961428402298e+00
2.540425522671118763e+00
2.575612928252164924e+00
2.633449886018724317e+00
2.578576139692280389e+00
2.494930496402157694e+00
2.657498741812775567e+00
2.459449954287010076e+00
2.617554328225945692e+00
2.715933339406551461e+00
2.318986509297170873e+00
2.646334448778681292e+00
2.677658967654582334e+00
2.562822229358542092e+00
2.713919855512073820e+00
2.537847962600244145e+00
2.499993311286254905e+00
2.478392848346254507e+00
2.573093649605699529e+00
2.708251606907202014e+00
2.560673800583020743e+00
2.567084751524659758e+00
2.462705508855473457e+00
2.562688714254957034e+00
2.752882229915525780e+00
2.377265990413380159e+00
2.561851020919646782e+00
2.639128593444827864e+00
2.543750064989265702e+00
2.667710829409522422e+00
2.585640928012022943e+00
2.657567699789883608e+00
2.518606926485113640e+00
2.580713985179205139e+00
2.607960778641400523e+00
2.510105576220350354e+00
2.568554236150561554e+00
2.597572562471134106e+00
2.628337728207544188e+00
