-6.110186487841653413e-01
-5.041615937124028779e-01
-5.089332258910437279e-01
-4.674409693421797130e-01
-5.687490558241689032e-01
-5.184139811583632351e-01
-3.363517171485259638e-01
-4.243783454899345831e-01
-2.761136749792680312e-01
-2.825671962441552165e-01
-2.652753973893097750e-01
-2.117125042928625356e-01
-1.851471278106339158e-01
-2.270977516472544311e-01
-2.180034685102299752e-01
-8.350647966803802225e-02
-9.459251812631880307e-03
-4.765627727756421850e-02
7.486329322104226525e-02
3.257982232410337742e-02
-2.169130105792777680e-02
8.520830265102415091e-02
7.684163252832651447e-02
-3.917857212831687280e-02
1.026816116352213121e-01
1.700432828039745714e-01
2.732710447465470649e-01
2.611437508863768131e-01
2.252835231030775320e-01
2.282551170997860202e-01
1.827409039029941618e-01
3.163485830478920402e-01
2.427228969053481511e-01
3.535216497916532918e-01
3.266446482333543178e-01
3.961662940665363619e-01
2.863099259961409682e-01
3.756839131017786215e-01
5.379024133887256864e-01
3.719863896382356039e-01
4.740512906515431113e-01
3.865209100499360506e-01
5.617744074236011853e-01
4.553834235136973718e-01
4.559437598641269962e-01
4.723032115427334698e-01
5.151825874358896273e-01
6.088856201835449733e-01
4.606757523273724564e-01
5.501523669851099418e-01
5.855310549575092338e-01
6.784484931396458363e-01
5.962276834641461187e-01
6.279639307487531186e-01
5.784964874425347903e-01
7.070279496259306296e-01
6.386978097037014912e-01
6.701848212339353017e-01
5.917746999319740686e-01
6.637220253561806338e-01
5.929085265505334990e-01
5.977715856076742940e-01
6.310556537260464394e-01
6.394382098194435482e-01
6.921469680952331283e-01
7.024323263510848792e-01
7.291614257352948547e-01
7.617851642589071881e-01
6.612187464154225536e-01
6.706213740430173598e-01
7.736971526228842988e-01
7.402244825844438436e-01
7.547088801046951678e-01
7.074098504440434754e-01
7.001820303690592384e-01
7.039391246035441307e-01
6.360301892179134331e-01
6.597993323027968593e-01
7.200911720404680194e-01
7.160995316134497468e-01
6.202505308660681838e-01
6.741539715631731378e-01
7.879341102001240493e-01
8.270163955467026984e-01
7.207701267063324480e-01
8.004949422521778768e-01
7.814482610878051849e-01
7.740138739450416194e-01
6.779366657056764556e-01
7.328349426248410570e-01
7.308322551394796918e-01
7.592406501290542842e-01
7.619644421697614467e-01
6.931272023628526346e-01
7.859609728336158785e-01
6.632546418837027558e-01
6.816917887660368658e-01
6.933187803545630690e-01
7.927785662360337104e-01
8.455825410010331389e-01
6.924780625834353609e-01
6.800636094030149126e-01
6.510141883883607816e-01
6.276607802793611190e-01
8.110814197174026630e-01
6.898669790203476593e-01
8.211060151848038613e-01
7.868985348348710440e-01
7.749358158914138039e-01
7.692312360548159145e-01
7.833281829126194085e-01
6.964559492511895877e-01
7.734273283884023353e-01
6.830981216188234395e-01
7.506112651624087251e-01
7.218923140103983283e-01
7.607073983142451645e-01
7.454867372695941352e-01
7.522553281323423047e-01
7.279448521451478138e-01
7.045145116674935704e-01
8.575334214933004739e-01
6.763036997432113617e-01
8.037023163522317715e-01
8.665117087226029691e-01
7.724294948948255968e-01
7.639245940492548348e-01
7.324128156564790881e-01
7.436055192377548639e-01
7.365473035869064544e-01
6.225948114751900242e-01
7.914211728724803718e-01
7.674388758923059717e-01
7.387650235227304352e-01
7.011019853187667739e-01
6.868357461940997055e-01
7.010490644853542008e-01
7.189337782912140762e-01
8.201714516548591627e-01
6.959521211584844824e-01
7.326732448501677153e-01
8.064640297417667858e-01
7.677113477532185870e-01
8.688245250888932958e-01
6.304524059240570466e-01
8.112703707111308393e-01
8.388383114132660356e-01
7.616264955942946280e-01
7.843883704948118041e-01
7.905887691558884933e-01
7.126042589703354135e-01
6.528784514249464932e-01
8.129544683211907818e-01
7.691147887145608486e-01
7.666950599556631163e-01
7.030741069260167952e-01
7.729551527424670665e-01
7.903490881362280618e-01
6.871738364347861339e-01
8.130820865552653709e-01
7.083187775706777378e-01
7.853308347428764602e-01
6.213059306262693759e-01
8.888652841706743413e-01
7.868565715876987277e-01
7.299399124502410352e-01
6.930102327722363897e-01
7.942959234063919904e-01
7.819073472638750077e-01
7.290272916979140261e-01
7.276877745900588446e-01
6.121277685753129250e-01
6.906047684325917757e-01
8.637397821714835056e-01
7.000202391458187900e-01
7.158408604305018796e-01
7.073442616694413099e-01
6.790427077437306558e-01
6.935147858694281631e-01
7.718651964573945978e-01
8.976188895788622668e-01
7.665797821061692829e-01
6.727259961242399999e-01
6.879521161097877924e-01
6.475912456997179323e-01
7.550556006986868240e-01
5.852308110472000946e-01
7.148600072863287025e-01
6.770061891809102672e-01
7.508964306188283810e-01
8.260158907270304107e-01
7.091220837084918349e-01
8.047410708762190445e-01
7.321015180069796457e-01
6.769102700779946469e-01
7.288771964716482810e-01
7.845817767552654143e-01
7.082990917841852641e-01
7.525864927366080481e-01
8.199660964495226745e-01
