3.657006168475668950e+00
3.618333746442995658e+00
3.730929760624048797e+00
3.327277707907084547e+00
3.439644334311823037e+00
3.390551229574427783e+00
3.299552681819502009e+00
3.906532884331896494e+00
3.289641224756014726e+00
3.793428869865045350e+00
3.486526817955091229e+00
3.584087693331795776e+00
3.324148221946584769e+00
3.343007842545491215e+00
3.559928414110914652e+00
3.324237710377849098e+00
3.523546003688384332e+00
3.496636466294021250e+00
3.266287933537789900e+00
3.455628451995718997e+00
3.558564769423081309e+00
3.239154893671041702e+00
3.497583909284394110e+00
3.489834305527586888e+00
3.547951768762054314e+00
3.415445883231155388e+00
3.580476500922542549e+00
3.611181175215613770e+00
3.405816072963276042e+00
3.495619408643362291e+00
3.335340761045153091e+00
3.535349379129422154e+00
3.376378642058472490e+00
3.337004156874741501e+00
3.459060750616443691e+00
3.492951690187989122e+00
3.394207543655396009e+00
3.316849886934289948e+00
3.365586230313004190e+00
3.308416789930271218e+00
3.812901448814992822e+00
3.382956131027879731e+00
3.342592671859781817e+00
3.471613028036844018e+00
3.598469026864818954e+00
3.670206511529443993e+00
3.446149388548697345e+00
3.563734932265574251e+00
3.477732641443624484e+00
3.286147046381027170e+00
3.433878638193900379e+00
3.545582932041504876e+00
3.598126931668891082e+00
3.526131595769428806e+00
3.566338505496697842e+00
3.472569051540785878e+00
3.560530514538355451e+00
3.358613459977252358e+00
3.594350428767946859e+00
3.687805174756584314e+00
3.746798443456598182e+00
3.533840977836744557e+00
3.459913589706168580e+00
3.475141853540132608e+00
3.727359331604142678e+00
3.333600317082875186e+00
3.468910265695672290e+00
3.338938024343247157e+00
3.372774660436020699e+00
3.535762379490051011e+00
3.432450753347567218e+00
3.475478802943885892e+00
3.333777549767412918e+00
3.602893368604212831e+00
3.512390256900043806e+00
3.490825145533098528e+00
3.651123835668555362e+00
3.722053154460904345e+00
3.376024979925629221e+00
3.195868191279224391e+00
3.465420194488152639e+00
3.541812344314471339e+00
3.538361453967542758e+00
3.513053991741467819e+00
3.374370806842515780e+00
3.332215664638636721e+00
3.706437226778524607e+00
3.843656614796175930e+00
3.458275448263239849e+00
3.523529311275526599e+00
3.788797577681592088e+00
3.697633155914683556e+00
3.457256276042159904e+00
3.457477929183430554e+00
3.731102289186997378e+00
3.414516126302175270e+00
3.458202249528639971e+00
3.421878566352315687e+00
3.735613480121519725e+00
3.920968908423277721e+00
3.353613654920803544e+00
3.779972782950063337e+00
3.424594350743511928e+00
3.477979198465882771e+00
3.870023150460478512e+00
3.530705839177702199e+00
3.604898173036711118e+00
3.711439841251245486e+00
3.444276348759492290e+00
3.880110871475314305e+00
3.442186957262269864e+00
3.477025035948753562e+00
3.642649581599661790e+00
3.556134555684813403e+00
3.820654080905904415e+00
3.754807483427152093e+00
3.484876748820358028e+00
3.865332774049234477e+00
3.858107687411634679e+00
3.478021813946128749e+00
3.739906916783628965e+00
3.978408540465421694e+00
3.671955108916225896e+00
3.557868303101428431e+00
3.387954434997709541e+00
3.491227032856060841e+00
3.781175526136796083e+00
3.573318277626763795e+00
3.521744073987256307e+00
3.743841270275970246e+00
3.370724648523667710e+00
3.775951437987640436e+00
3.660426674024310767e+00
3.480847735020500711e+00
3.746862789544741723e+00
3.747108912070361786e+00
3.828350816930981892e+00
3.659482377989721869e+00
3.693786365526271709e+00
3.657413256447767047e+00
3.782319507760985910e+00
3.874089648152767129e+00
3.809946157801773925e+00
3.864675166400418860e+00
3.869259723872688017e+00
3.467665468222341563e+00
3.694103838834478459e+00
3.553779359902114798e+00
3.751701585641735281e+00
3.604096951104260871e+00
3.641763315120048805e+00
4.045419727250319397e+00
3.771040083561421952e+00
3.904261952673632408e+00
3.620865205443675183e+00
3.677684167792254932e+00
3.689362430565153783e+00
3.797189254150555637e+00
3.931636934627247282e+00
3.755801609950153441e+00
4.129732689826737690e+00
3.858795768016424432e+00
3.672219940263380611e+00
4.013657844788349749e+00
3.821197106193337412e+00
3.823026901124948917e+00
3.516436021351922125e+00
3.616279917426840296e+00
3.736948376948351136e+00
3.734853741012361894e+00
3.737929138151969699e+00
3.812733496792489962e+00
3.686536197945900373e+00
3.811835305036349375e+00
3.680389231013525553e+00
3.674748340967403770e+00
3.675375951158908805e+00
3.865417126200530351e+00
3.953423999503468345e+00
3.873939223209269755e+00
3.893563797654244318e+00
4.071930027025190135e+00
3.734924163666498931e+00
3.948552316008654639e+00
3.818053651256429148e+00
3.896563498674438630e+00
3.953010576785367380e+00
3.971761184623541663e+00
3.877155877008484186e+00
3.792501587840305444e+00
3.818080493772167294e+00
3.843685773971815323e+00
3.746753979246625121e+00
4.035054535891850591e+00
3.655912664007518575e+00
3.829976240961253442e+00
3.830477113295377656e+00
3.988933998714708107e+00
3.961830046718720855e+00
4.115327321397920457e+00
