1.370149145437790503e+04
1.197027647517509649e+04
1.123755967968358345e+04
1.043317697465344827e+04
9.654389435538516409e+03
8.998056805833650287e+03
8.765424926522287933e+03
8.760528345888922559e+03
8.620208009672844128e+03
8.385484972004082010e+03
8.540672600643509213e+03
8.500449613469914766e+03
8.674863304926788260e+03
8.728649810229830109e+03
8.846113986255530108e+03
8.783251081407141100e+03
8.866405741872782528e+03
8.948800974002580915e+03
8.775256176877301186e+03
8.766342786209061160e+03
9.013800219973794810e+03
9.070536059047195522e+03
8.884756743649471900e+03
8.495981197604121917e+03
8.716680964592515011e+03
8.690093816657486968e+03
8.435096880331011562e+03
8.544538317381582601e+03
8.410213446999134248e+03
8.707915355375942454e+03
8.855487520226984998e+03
8.878610323026237893e+03
8.893656468576993575e+03
8.553737955280517781e+03
8.837858958861932479e+03
8.583331831631741807e+03
8.746554614597531327e+03
8.840974902308244054e+03
8.722100566690396590e+03
9.152446969777545746e+03
8.939740363666309349e+03
8.972757764993575620e+03
9.258122142213744155e+03
9.314594702920245254e+03
9.004342293284644256e+03
9.516363118355624465e+03
9.643858020098070483e+03
9.548803521840265603e+03
1.029227952400040886e+04
1.054390122677155159e+04
1.046660807143610145e+04
1.086212457001148505e+04
1.131772156195619209e+04
1.159500164870134358e+04
1.183276087674675728e+04
1.197581165453230642e+04
1.240070411844118098e+04
1.267460230285477701e+04
1.249092963901151052e+04
1.311673172393749155e+04
1.326709694092402970e+04
1.378782183924040510e+04
1.458498818191706778e+04
1.586602084011315128e+04
1.473347827252266507e+04
1.617116437454041625e+04
1.668182433737049359e+04
1.673113137938965519e+04
1.741986269197431102e+04
1.802158913011508776e+04
1.894715377291841287e+04
1.931566298580773218e+04
1.923131247908481237e+04
2.058455231691898734e+04
2.054686846342636272e+04
2.119158859167566334e+04
2.201927176700242489e+04
2.190170995718853737e+04
2.353434025795496927e+04
2.283539221162584363e+04
2.445741020163264693e+04
2.455461938380158972e+04
2.534420270850558882e+04
2.532131155906771892e+04
2.704342607236816184e+04
2.767438616886115051e+04
2.765231863171424629e+04
2.804994357360705180e+04
2.888286977644141734e+04
3.039439129001950641e+04
3.056179246151594634e+04
3.169666860641005042e+04
3.228754439888770867e+04
3.255230041619296389e+04
3.454226332642442139e+04
3.408151535617455374e+04
3.469598945990777429e+04
3.544695702537947363e+04
3.590867036644947802e+04
3.635399930142128869e+04
