1.427278222792209306e+01
1.345522398307370970e+01
1.330933921390453634e+01
1.277812944955508456e+01
1.208086857188589214e+01
1.145348057022376409e+01
1.105359432780359796e+01
1.087176009310091018e+01
1.048637538845190242e+01
9.905956507428044233e+00
9.518252810840163392e+00
9.249530824114781780e+00
9.213284435178140441e+00
8.821783677631925613e+00
8.433412272626021888e+00
8.375551743029935992e+00
8.030896521769589569e+00
7.719712236796416605e+00
7.351340504647550844e+00
7.326864850889416303e+00
6.980604235758376852e+00
7.020887862730117668e+00
6.467023601019545431e+00
6.359241908558888490e+00
6.443541687030924336e+00
6.198855325291417806e+00
6.160911810817656153e+00
5.710311876644146523e+00
5.799748438609922729e+00
5.688702733021667513e+00
5.437517630606237162e+00
5.416217543589342043e+00
5.139002365734910427e+00
5.200493342159409060e+00
4.929950826540834719e+00
4.852380335001013734e+00
4.849652082997776503e+00
4.741483160006038311e+00
5.001570132552923376e+00
4.775903268640006694e+00
4.430084282279472596e+00
4.494077310279061876e+00
4.626157501946398298e+00
4.397619116948224161e+00
4.373707981062580963e+00
4.507550036580234121e+00
4.364816603414769958e+00
4.290863612540213090e+00
4.294470488705358413e+00
4.128026974041360653e+00
4.112074060558513544e+00
4.012842039583783382e+00
3.838474685030433431e+00
4.179317396512758798e+00
3.935374465307595937e+00
3.989248246851302859e+00
4.077144616916522857e+00
3.904269296721758931e+00
3.919482315755116186e+00
3.835187813565174242e+00
3.801875784608653053e+00
3.815075038077271330e+00
4.164548155006184693e+00
3.785934305979145709e+00
3.833038251010253195e+00
4.118997808810341610e+00
3.558544992265465279e+00
3.860487971044714861e+00
3.950672629055842489e+00
3.597741645042173086e+00
3.689186948842936076e+00
3.761114171459412070e+00
3.638211146757552417e+00
3.616058056797284870e+00
3.605268013717903397e+00
3.826806558249176149e+00
3.693150486194492821e+00
3.533480833058310289e+00
3.776152476261065427e+00
3.882714547065027055e+00
3.672678450781697190e+00
3.652583897798370671e+00
3.648967661975083043e+00
3.533629068804355455e+00
3.692217157925117288e+00
3.753415723138863402e+00
3.498318281488959069e+00
3.725738991536177380e+00
3.590494361505303544e+00
3.393922801474525741e+00
3.811324512252478147e+00
3.866987323959336198e+00
3.567210831914296776e+00
3.630271431143982763e+00
3.619178578105044952e+00
3.643306141403273468e+00
3.746760680851797698e+00
3.631647850941189137e+00
3.653402901155489602e+00
3.783069839076827812e+00
3.489432053601212225e+00
3.565554683118978829e+00
3.712331176262652743e+00
3.651682901054087882e+00
3.860903270896865358e+00
3.855115865881417747e+00
3.586024172333599047e+00
3.470036723038547155e+00
3.658141313596903643e+00
3.767888348039334812e+00
3.600830715068464638e+00
3.506697742937644691e+00
3.761792365875854749e+00
3.760965584167071718e+00
3.661665324209041561e+00
3.760332004346713219e+00
3.682599188580959471e+00
3.188358402951191106e+00
4.032009039443607001e+00
3.657512833330733848e+00
3.520402981561421285e+00
3.528515351851216675e+00
3.694981788688228797e+00
3.530654049295877783e+00
3.608963161504331829e+00
3.680788304545838496e+00
3.827371389373547039e+00
3.666424701040753131e+00
3.623711032755300376e+00
3.518903300455666017e+00
3.524985164115749026e+00
3.459054864162240950e+00
3.659237842583734857e+00
3.619447103046138814e+00
3.753765684104169331e+00
3.615111014159625658e+00
3.297638766457419379e+00
3.641744564525804861e+00
3.533907110530764228e+00
3.492028183944669628e+00
3.779515134851163083e+00
3.511139699201380804e+00
3.651870494504014353e+00
3.390417617880344903e+00
3.702622154422757106e+00
3.667660303239703712e+00
3.701316070121593249e+00
3.592284457213261284e+00
3.609862182340543235e+00
3.843462479636128304e+00
3.637018698000591854e+00
3.599256719363512769e+00
3.489831292134903507e+00
3.447737931740078476e+00
3.890850348644805834e+00
3.558172144758600108e+00
3.372010036872254091e+00
3.388560073613059664e+00
3.615319178666007716e+00
3.422875744143057286e+00
3.534601688407626341e+00
3.516123364973174237e+00
3.390102241503433866e+00
3.729104861296401729e+00
3.495715417788244572e+00
3.603556580869139658e+00
3.747429767537075573e+00
3.603703860589584806e+00
3.459612556979803966e+00
3.601806557871704229e+00
3.774493235341632502e+00
3.777436165482614516e+00
3.598292792787880945e+00
3.609206660685380985e+00
3.813246241407424186e+00
3.481395520772600172e+00
3.560675964855901654e+00
3.428285299282864962e+00
3.391055248134361655e+00
3.525169920347283270e+00
3.449369310741818850e+00
3.786942256123476902e+00
3.218872577632997611e+00
3.490635965868424506e+00
3.463530967587352905e+00
3.507272780001733814e+00
3.570680943050164036e+00
3.460047869251047015e+00
3.548124049324635099e+00
3.411485449856218377e+00
3.645946424307762612e+00
3.472612574673873631e+00
3.452436126857589382e+00
3.492902808887174970e+00
3.565434519890875453e+00
3.364095691063199833e+00
3.563998496715703013e+00
3.457514983207745196e+00
3.546047704892285601e+00
3.675297298393145784e+00
