2.569051111240035112e+01
2.052392705196213640e+01
1.857502309940571905e+01
1.530573417325296148e+01
1.276131260085706742e+01
1.036535682599948238e+01
9.005115156583704206e+00
8.525802177670851023e+00
7.468714131107780041e+00
7.000539836037524388e+00
7.192106363205749808e+00
6.893182125241584579e+00
7.115036423578426472e+00
7.128070992286156482e+00
6.971745990481501565e+00
7.320930110737391416e+00
7.329399852974151308e+00
7.222326553022273110e+00
6.771627617984390390e+00
6.700227995746691256e+00
6.808652573112887296e+00
7.021306392502556726e+00
6.905379324662846763e+00
6.295312791194742630e+00
7.557105333736092057e+00
6.726084069648022634e+00
6.928478037001476686e+00
6.335065141049643245e+00
7.074317114270619378e+00
7.074396739195370820e+00
6.742708336793100443e+00
7.020147711741086205e+00
6.886383530058393099e+00
7.019306095941204582e+00
6.935923927771133535e+00
6.684277963617450524e+00
7.056453667045205158e+00
6.679357258811119635e+00
7.012912128572091675e+00
7.163457903796554227e+00
6.844738605278750221e+00
7.072862297928440789e+00
7.083313352419609465e+00
6.177771898184733601e+00
7.046124558043548092e+00
7.028049778395277336e+00
7.329335214544168586e+00
7.171503771725461718e+00
7.545329265602858548e+00
7.164501698818844133e+00
6.781329269301463292e+00
7.531992047327459971e+00
7.354797957412350762e+00
7.920844758134313324e+00
7.544195920598522953e+00
7.359729578527454130e+00
7.459426844750720598e+00
7.661367613230805951e+00
7.047695180440260998e+00
7.441552584309948593e+00
7.367680966057255532e+00
7.784754494395724755e+00
7.840133152517591242e+00
8.173713369161637488e+00
7.510752208300658594e+00
7.901877512041347806e+00
7.710748640876426307e+00
7.895449414182535541e+00
7.645592616293355626e+00
7.586317998766352488e+00
8.217618420882049080e+00
8.273089360603707476e+00
7.546334246450374650e+00
8.296097533079615616e+00
7.903669987575351996e+00
7.554036332538396792e+00
7.907289668054036547e+00
8.122814784251305653e+00
8.043073345934674379e+00
8.516294501914998705e+00
8.095501505354025795e+00
7.905690874829280901e+00
8.363585800952824556e+00
8.145963979956988510e+00
8.353101411466234083e+00
8.371339946232499329e+00
8.333214136640016534e+00
8.363959470504351401e+00
8.729598680787900022e+00
8.069626122306397420e+00
8.263220721566874261e+00
8.436678753683599652e+00
8.468554726096337859e+00
8.638251851461324904e+00
8.591216217223522023e+00
8.968369958313587631e+00
8.282685277170370952e+00
8.618538799267414063e+00
8.608968110407429819e+00
8.807913136783895425e+00
8.831955356859356954e+00
8.397095707733678083e+00
8.534223058554616159e+00
8.716329728920285902e+00
9.044867644731345635e+00
8.512453888350703934e+00
8.700409414581182332e+00
8.374695181973516256e+00
8.675895416610844180e+00
8.274681531548296221e+00
8.262522123601318214e+00
8.143659593972371269e+00
8.386379300291039840e+00
8.877405858223541557e+00
8.254604840619114370e+00
9.136419158164851950e+00
8.501467976947676419e+00
8.470945082057562914e+00
8.376014835653228019e+00
8.500442514601447286e+00
8.278683694009169258e+00
9.241368089219971438e+00
9.044920341785388729e+00
8.359639085230863742e+00
8.662836521299128734e+00
8.475804601734743926e+00
8.965083933809577132e+00
8.680424708813315959e+00
8.525634375503672757e+00
8.566404914465676868e+00
8.670331033665092946e+00
8.923446043365089508e+00
8.512832277940558967e+00
8.720724882581444959e+00
8.183800426628600633e+00
8.631374756003614479e+00
8.480235608818407655e+00
7.777512311613164364e+00
8.681029548226947057e+00
8.490197426613029563e+00
8.424243262227271600e+00
9.035894451918572656e+00
8.308969519300410056e+00
8.653116965228480950e+00
8.790785515044953868e+00
8.613961599754667020e+00
8.186076511052210236e+00
8.133356043593131801e+00
8.730965058685091762e+00
8.644449054286535983e+00
8.323907789579337191e+00
8.816666543910322673e+00
8.140277380593335721e+00
8.046461320230275049e+00
8.453232095385283529e+00
8.432665748351121593e+00
8.331463867263808609e+00
8.407314032757039257e+00
8.503823655814592541e+00
8.144742785604645263e+00
7.893209939045109813e+00
7.913201566971500789e+00
8.048115144411028155e+00
8.100500890141775656e+00
7.827917722605204354e+00
8.395301501164718516e+00
7.955272912761931714e+00
8.161994024283632854e+00
7.904429705196476696e+00
7.728433386286116757e+00
8.414282201708077835e+00
7.930899411255349918e+00
8.232843083968244713e+00
7.961078533505195232e+00
8.020913111934433459e+00
7.694069022819862269e+00
8.190596882279510993e+00
7.764859372282253425e+00
7.897257906519145720e+00
8.359788741184560834e+00
8.208256322062180033e+00
7.948576116009820502e+00
8.519163491308310299e+00
7.909801858371420913e+00
7.831911921214990357e+00
7.812575453813974669e+00
7.853329228073572921e+00
7.842994124335661787e+00
8.094520235604379721e+00
8.026947170032224577e+00
7.897554418912307028e+00
7.763959411957650047e+00
7.261567925380774113e+00
7.325753212951505944e+00
7.573446349003210898e+00
7.738634737525770468e+00
7.672022209390722658e+00
8.095083136358100617e+00
7.456686550065966479e+00
8.175116716830848063e+00
