3.295006897173395544e+01
1.646906793817481329e+01
7.864607637436220600e+00
2.102993028105734741e+00
-2.236191334073197368e+00
-4.414001201885992209e+00
-7.196988753341038603e+00
-8.753825558446743926e+00
-8.839640004927447947e+00
-9.953326539608150725e+00
-1.087743742665908364e+01
-1.092304418971651536e+01
-1.216477540031307747e+01
-1.165713023910491586e+01
-1.135134488585024570e+01
-1.123356679446291650e+01
-1.079055665919021045e+01
-9.998389694119216742e+00
-1.034345498617863690e+01
-9.727199409046221490e+00
-1.026002555803829530e+01
-8.339225573349862586e+00
-9.566065914876796583e+00
-8.194472851098689503e+00
-7.016867065343692644e+00
-7.027862968773153973e+00
-6.134681361898556062e+00
-6.044825974847821470e+00
-5.044168948474954561e+00
-3.479413317326719657e+00
-3.707489808210473914e+00
-1.645639114760082622e+00
-1.710719556095402716e+00
-9.369887227300732757e-01
-1.038018264962898174e+00
-8.448758460705811935e-01
1.126660345690355253e-01
-6.605484850664735674e-01
-7.932654725382854988e-01
2.931747524708939734e-01
1.527862871684523283e-01
5.293288695753392004e-01
4.063147445789950796e-01
7.784341460122455869e-01
1.024838770035388508e-01
1.713860106734089284e+00
1.283710833498445059e+00
4.637380295108681216e-01
6.492429924971484523e-01
6.496045712919275468e-03
5.315480122310799194e-02
7.192132985470873763e-01
5.196923308257689333e-01
8.093713920526399708e-01
9.992194548938279075e-01
1.114609852799892442e+00
6.837382843709872704e-01
7.085944407631561415e-01
2.928963904363153237e-01
1.199994748344271889e+00
1.000273014684892381e+00
1.394164546102774738e+00
-1.384210794496141747e-02
1.044702078765553654e+00
1.175503334514639286e+00
2.336537228112912867e+00
1.266684364089364578e+00
7.725000789536905499e-01
1.498422244468870401e+00
1.405779541606310357e+00
1.709454329056571131e+00
1.443071622035003498e+00
2.499262921836245877e+00
1.208590987659145188e+00
1.414196108023385356e+00
2.585664905435286265e+00
9.020359328382201447e-01
3.344344088653823377e+00
2.410685157465110251e+00
2.553925178389370387e+00
2.369778141455755271e+00
2.228989029033548785e+00
2.695084108726754746e+00
1.765143760456734601e+00
2.679740377872477541e+00
3.391512642113192477e+00
3.953771765994485321e+00
2.920111114345314007e+00
3.040589088555329056e+00
3.638359646823560833e+00
2.864745392981197902e+00
2.450354756040941773e+00
2.759729811687282819e+00
3.384543657019477347e+00
5.174804523332062089e+00
3.628621067383703824e+00
4.339361568391234769e+00
4.380435829267085523e+00
4.524967566891930915e+00
5.101926657808865784e+00
