2.703782995564014513e+01
2.213772833019338293e+01
1.969086568132394177e+01
1.688203373126017581e+01
1.445482012639980240e+01
1.224459370106725586e+01
1.112624147317217727e+01
1.054963690303146961e+01
9.412686975400280431e+00
8.639227599087407228e+00
8.637949709438732526e+00
7.752304700729749420e+00
7.999739669977469880e+00
7.728086819639326421e+00
7.610071280001188931e+00
7.940351424772013722e+00
7.814823700444108567e+00
7.680674482927158486e+00
7.304280548580487142e+00
7.174523353960082339e+00
6.837545471701328204e+00
7.526545839996945375e+00
7.034591806514064238e+00
6.751211636252136827e+00
7.556852731261743727e+00
7.079536564766627293e+00
6.878793152671395461e+00
6.536942512797813798e+00
7.100268327823330949e+00
7.109431749250644472e+00
7.118021390754107891e+00
7.337645571242807918e+00
7.211759188539154763e+00
6.839101229888630229e+00
7.023036518585771049e+00
6.455108812766562565e+00
7.094643902125092438e+00
6.892094387835447478e+00
7.142404383872372087e+00
7.339108484185176806e+00
7.022610726984855667e+00
7.173678570280118016e+00
7.277147434372499113e+00
6.670419973405799396e+00
6.846553554948296316e+00
7.204940847659086600e+00
7.193190888109122660e+00
7.114614344379675437e+00
7.404085926254911243e+00
6.892237354784810144e+00
6.809110919286511354e+00
7.565110807999215758e+00
7.172561780771289364e+00
7.537560803063321657e+00
7.715011803116398781e+00
7.638798298174180879e+00
7.402889940892420917e+00
7.654754528666350311e+00
7.253723736385778942e+00
7.268063782612534496e+00
7.412745950903710579e+00
7.877476659945036097e+00
7.714910657348583278e+00
8.400111072053954686e+00
7.661364452200484010e+00
7.992901607087698146e+00
7.715734227013062885e+00
7.827818435060168056e+00
7.990075658401675440e+00
7.790084588639550667e+00
8.044766150295290075e+00
8.200598113435042080e+00
7.689359578935925477e+00
8.135103633373317322e+00
7.783912801536862602e+00
7.454901693053442635e+00
8.084529502075143981e+00
8.536401188879127133e+00
8.366430222996998012e+00
7.996895269153160513e+00
8.073198198090084432e+00
7.751744120582237940e+00
8.106748488231671601e+00
8.043723000618754781e+00
8.525504742202965502e+00
8.210033766497451424e+00
8.397656391613390170e+00
8.184198379010886981e+00
8.675172375982471706e+00
8.020336065387192903e+00
8.686562817626194644e+00
8.641748885523760748e+00
8.543265100634009457e+00
8.736006449296887411e+00
8.476943640453697526e+00
8.560959096549174419e+00
8.043648965125671069e+00
8.711068037897076621e+00
8.739759338828864799e+00
8.214691480527839929e+00
8.426146400514605617e+00
8.741330503575822419e+00
8.465100538063380142e+00
8.276638020521973615e+00
9.030062926802395751e+00
8.529980898842172365e+00
8.670397647173846423e+00
8.979288697732416225e+00
8.080153853415181331e+00
8.205098945844891745e+00
8.181338402670261800e+00
8.429067489654464396e+00
8.342366957057011589e+00
8.699597522076174982e+00
8.219976269123430157e+00
8.668136103941908033e+00
8.070721067313533226e+00
8.065874970426714086e+00
8.442683581003608495e+00
8.106931728730836895e+00
7.900173396794202496e+00
8.305769594560494795e+00
8.338698663372964504e+00
8.033690249157835694e+00
8.083073099740609280e+00
8.074317618723545920e+00
8.289828398265795428e+00
8.274500871092385523e+00
8.015206499219711844e+00
7.554601016093918098e+00
7.684374742856761031e+00
8.251563578488111617e+00
8.415847568836065662e+00
8.113590481226900408e+00
8.131121136965365537e+00
8.153871827868679034e+00
7.688127225577691348e+00
7.354117566117698956e+00
8.341841187518758360e+00
7.810636798486034316e+00
7.800008253901347111e+00
8.082237043193204684e+00
7.440323461082135381e+00
7.571213814301334999e+00
8.085660234601808938e+00
7.624434251745656255e+00
7.262257498519731236e+00
7.849477210038742214e+00
7.798410364976604114e+00
7.475530173828420999e+00
7.690123998430078878e+00
7.164334744099329910e+00
7.572125624644159281e+00
7.613639248809144000e+00
6.961818923980165330e+00
7.727653506236814351e+00
7.055669577805154802e+00
6.999458132601486859e+00
7.459285039953710950e+00
6.580268394499554141e+00
7.085813167422353231e+00
6.522512413614856008e+00
7.307645623570115490e+00
7.234719376905551336e+00
6.849991693015275551e+00
7.183841406079493730e+00
7.030194247195725943e+00
7.079835961478773143e+00
6.891230784414503319e+00
6.581043537026601165e+00
7.056835269192569093e+00
7.154611202798697889e+00
6.996234703082508943e+00
7.184075262279905338e+00
6.783449909540716583e+00
6.776704369885493406e+00
6.534784352771388249e+00
6.826432543588619062e+00
6.513897759415457678e+00
6.549192228722528597e+00
6.653244666604954283e+00
6.541824333619941534e+00
6.825886166965085877e+00
6.284442388636566790e+00
6.343953267592564060e+00
6.559450586116107651e+00
6.535543902282861417e+00
6.166221371403781681e+00
6.260202268296989558e+00
6.263961816582254372e+00
6.175270642140377575e+00
6.013120694007371370e+00
5.661664950147987874e+00
5.272077532226715491e+00
5.869390882116643837e+00
5.844126717357375433e+00
6.118867880884795163e+00
6.632441804102068517e+00
5.643600375607771724e+00
5.683691222126227238e+00
