2.703782995564014868e+01
2.213772833019338293e+01
1.969086568132394177e+01
1.688203373126017937e+01
1.445482012639980418e+01
1.224459370106725586e+01
1.112624147317217727e+01
1.054963690303147139e+01
9.412686975400283984e+00
8.639227599087410780e+00
8.637949709438730750e+00
7.752304700729751197e+00
7.999739669977471657e+00
7.728086819639326421e+00
7.610071280001189820e+00
7.940351424772013722e+00
7.814823700444108567e+00
7.680674482927164703e+00
7.304280548580488919e+00
7.174523353960083227e+00
6.837545471701331756e+00
7.526545839996948040e+00
7.034591806514064238e+00
6.751211636252136827e+00
7.556852731261745504e+00
7.079536564766629070e+00
6.878793152671395461e+00
6.536942512797813798e+00
7.100268327823332726e+00
7.109431749250643584e+00
7.118021390754107891e+00
7.337645571242807918e+00
7.211759188539154763e+00
6.839101229888633782e+00
7.023036518585772825e+00
6.455108812766567894e+00
7.094643902125095991e+00
6.892094387835449254e+00
7.142404383872373863e+00
7.339108484185178582e+00
7.022610726984859220e+00
7.173678570280118016e+00
7.277147434372497337e+00
6.670419973405800285e+00
6.846553554948301645e+00
7.204940847659086600e+00
7.193190888109124437e+00
7.114614344379675437e+00
7.404085926254912131e+00
6.892237354784810144e+00
6.809110919286513131e+00
7.565110807999217535e+00
7.172561780771292916e+00
7.537560803063328763e+00
7.715011803116400557e+00
7.638798298174182655e+00
7.402889940892420029e+00
7.654754528666348534e+00
7.253723736385778942e+00
7.268063782612536272e+00
7.412745950903710579e+00
7.877476659945038762e+00
7.714910657348585055e+00
8.400111072053956462e+00
7.661364452200483122e+00
7.992901607087699034e+00
7.715734227013066437e+00
7.827818435060169833e+00
7.990075658401678993e+00
7.790084588639552443e+00
8.044766150295291851e+00
8.200598113435042080e+00
7.689359578935927253e+00
8.135103633373317322e+00
7.783912801536862602e+00
7.454901693053442635e+00
8.084529502075145757e+00
8.536401188879127133e+00
8.366430222997003341e+00
7.996895269153163177e+00
8.073198198090084432e+00
7.751744120582241493e+00
8.106748488231673377e+00
8.043723000618756558e+00
8.525504742202965502e+00
8.210033766497454977e+00
8.397656391613390170e+00
8.184198379010886981e+00
8.675172375982473483e+00
8.020336065387194679e+00
8.686562817626194644e+00
8.641748885523760748e+00
8.543265100634009457e+00
8.736006449296887411e+00
8.476943640453697526e+00
8.560959096549174419e+00
8.043648965125674621e+00
8.711068037897078398e+00
8.739759338828864799e+00
8.214691480527839929e+00
