2.849391317974476934e+01
2.264034387046495311e+01
2.005814652990904534e+01
1.696452951039005796e+01
1.454861107678062027e+01
1.290003271340854418e+01
1.181645702038216150e+01
1.063047733661725935e+01
9.456122646531829545e+00
8.919642345286781904e+00
8.420780273540144023e+00
7.874822115352214880e+00
7.783081931329665082e+00
7.950531594938301083e+00
7.616616686677374126e+00
7.092174110027939626e+00
7.025416820765951975e+00
7.464783688753236390e+00
7.488231517252785352e+00
7.407192611236285806e+00
7.351003763943487535e+00
7.524491624316653748e+00
7.228243273576516081e+00
7.449528912728889729e+00
7.185486127747478413e+00
7.191790989329707173e+00
6.688333742399962034e+00
7.564814072459836503e+00
7.613325911108654864e+00
6.777532612802751544e+00
7.159088256388914218e+00
8.133108070451276816e+00
7.543313263613087294e+00
6.929959271244452879e+00
7.691747927754504666e+00
7.268694228870894669e+00
7.674121896568491863e+00
7.768166707143782546e+00
6.924842316310300561e+00
7.585020622418058522e+00
7.134744143531702498e+00
6.913653738767904677e+00
7.555232550975540029e+00
7.407539368250701806e+00
7.548283777750774526e+00
7.134864160532872646e+00
7.077809304426968318e+00
7.236163988983336459e+00
7.661182715384130759e+00
7.228365057136337590e+00
7.579877944137171752e+00
7.248441581227363706e+00
7.110784163092830568e+00
7.566304895260316243e+00
7.247978337844562802e+00
7.224216492418162439e+00
7.537929941619212038e+00
7.920103697569053303e+00
7.169901608129449322e+00
7.314521597164962863e+00
7.461879530710795017e+00
7.507768783633379073e+00
7.685146856288298522e+00
7.446780928493636154e+00
6.766019564382157014e+00
6.874075055236636089e+00
6.973849022618965776e+00
7.330813960531767037e+00
7.384633686694928478e+00
7.491710292429965001e+00
7.738466642794977979e+00
6.645821004372990615e+00
7.409833915263317472e+00
7.776144665174997250e+00
7.383105700272324157e+00
7.271085635120489776e+00
6.928397155377750138e+00
7.321597736352438268e+00
7.376008104175504343e+00
6.976428375571862794e+00
7.107812427611528427e+00
7.131670999052350801e+00
7.210393903673097071e+00
6.864465498962888823e+00
6.767341527716416394e+00
7.428707461340854579e+00
7.204850505609363687e+00
7.260941058693587635e+00
7.535523938544895550e+00
7.188613277971906079e+00
7.191354474611788561e+00
7.157300530826632645e+00
7.320261411169763477e+00
7.045615637382518059e+00
7.466830419323531309e+00
7.135585459979341572e+00
6.858420966355930126e+00
7.301932413441952541e+00
7.109502350278251726e+00
7.064236951492699035e+00
7.913229433905515364e+00
7.748986930039757581e+00
7.154308616518168407e+00
6.955637439713410863e+00
7.000969240184747200e+00
7.040275144858420653e+00
7.771381505305665627e+00
7.268230247245044851e+00
6.592872282286856844e+00
7.246003161097442025e+00
6.986921157016370287e+00
7.111695382277507527e+00
7.024764252582423651e+00
6.954286487665620520e+00
6.141110410245998352e+00
7.536521505714039115e+00
7.104447131426447015e+00
6.588064163938383011e+00
6.404846861096290311e+00
7.527072063162870030e+00
7.268663760245490657e+00
6.906123058817007276e+00
6.807201684975410672e+00
7.436350132261186907e+00
7.118985570208826275e+00
6.719665812553268225e+00
7.831554814062827496e+00
7.147026378348438236e+00
7.033966066292115293e+00
7.196131137569796721e+00
7.145513630627447377e+00
7.403629172498910727e+00
7.397936541354930284e+00
7.353501557873791228e+00
7.211231612169114236e+00
7.159815961688934749e+00
6.665637203435968772e+00
7.136798661344266215e+00
6.956806938408261587e+00
7.317428391694550172e+00
7.701443191266407418e+00
7.200490873345795073e+00
6.961718885957093761e+00
6.751182993626595241e+00
7.038578109368258673e+00
6.684874530335007670e+00
7.478508446350666361e+00
7.441021242286574022e+00
7.504319384792806247e+00
7.418446282826673510e+00
7.250990159653222911e+00
7.211486180938545765e+00
6.970088622075930829e+00
7.097485578306975462e+00
7.483634902805013311e+00
6.840369718167725210e+00
7.206300208685931352e+00
7.221214302042945121e+00
6.734470036281439143e+00
6.785705829039170744e+00
7.459087417171365253e+00
7.131842916286498912e+00
7.533562521821791869e+00
6.874526155798334592e+00
7.273895147613468559e+00
7.192198308364559978e+00
6.831050112143056019e+00
7.365174212183146274e+00
7.197881054433026726e+00
7.200175468193473982e+00
7.953162509738730179e+00
7.487767605604831900e+00
7.168234118207604588e+00
7.302319286942264398e+00
7.113704449341977210e+00
7.358945322580651371e+00
7.324047681922594144e+00
7.061164894811385651e+00
7.184360970374627620e+00
7.090055354036818969e+00
7.079700981348943323e+00
7.160300030382691361e+00
6.845023082178258278e+00
7.688787619915173899e+00
7.246723056414938746e+00
7.560116560436327404e+00
7.316984778971033165e+00
7.307876062013094476e+00
7.145700750011305225e+00
6.866737433105979171e+00
6.914517498644253912e+00
6.700741796658023830e+00
7.232030262897578332e+00
7.141879042595749461e+00
6.846164852703673809e+00
7.526627987220094518e+00
7.432877157479363284e+00
7.362293881547458341e+00
7.448936778087551502e+00
7.613217688706962250e+00
