2.703782995564014868e+01
2.213772833019338293e+01
1.969086568132394177e+01
1.688203373126017937e+01
1.445482012639980418e+01
1.224459370106725764e+01
1.112624147317217727e+01
1.054963690303147139e+01
9.412686975400285760e+00
8.639227599087410780e+00
8.637949709438734303e+00
7.752304700729751197e+00
7.999739669977473433e+00
7.728086819639327310e+00
7.610071280001189820e+00
7.940351424772015498e+00
7.814823700444110344e+00
7.680674482927164703e+00
7.304280548580490695e+00
7.174523353960083227e+00
6.837545471701331756e+00
7.526545839996948928e+00
7.034591806514065127e+00
6.751211636252136827e+00
7.556852731261743727e+00
7.079536564766629070e+00
6.878793152671397237e+00
6.536942512797813798e+00
7.100268327823332726e+00
7.109431749250647137e+00
7.118021390754108779e+00
7.337645571242807030e+00
7.211759188539154763e+00
6.839101229888633782e+00
7.023036518585772825e+00
6.455108812766567894e+00
7.094643902125097767e+00
6.892094387835449254e+00
7.142404383872376528e+00
7.339108484185178582e+00
7.022610726984861884e+00
7.173678570280118016e+00
7.277147434372500889e+00
6.670419973405800285e+00
6.846553554948301645e+00
7.204940847659086600e+00
7.193190888109126213e+00
7.114614344379675437e+00
7.404085926254912131e+00
6.892237354784810144e+00
6.809110919286513131e+00
7.565110807999219311e+00
7.172561780771292916e+00
7.537560803063328763e+00
7.715011803116400557e+00
7.638798298174182655e+00
7.402889940892425358e+00
7.654754528666350311e+00
7.253723736385780718e+00
7.268063782612538049e+00
7.412745950903712355e+00
7.877476659945040538e+00
7.714910657348585055e+00
8.400111072053956462e+00
7.661364452200484010e+00
7.992901607087700810e+00
7.715734227013066437e+00
7.827818435060169833e+00
7.990075658401678993e+00
7.790084588639553331e+00
8.044766150295291851e+00
8.200598113435042080e+00
7.689359578935929029e+00
8.135103633373319099e+00
7.783912801536862602e+00
7.454901693053442635e+00
8.084529502075145757e+00
8.536401188879127133e+00
8.366430222997003341e+00
7.996895269153163177e+00
8.073198198090086208e+00
7.751744120582241493e+00
8.106748488231673377e+00
8.043723000618756558e+00
8.525504742202967279e+00
8.210033766497454977e+00
8.397656391613391946e+00
8.184198379010888758e+00
8.675172375982471706e+00
8.020336065387194679e+00
8.686562817626194644e+00
8.641748885523762524e+00
8.543265100634009457e+00
8.736006449296887411e+00
8.476943640453697526e+00
8.560959096549174419e+00
8.043648965125674621e+00
8.711068037897080174e+00
8.739759338828864799e+00
8.214691480527841705e+00
8.426146400514609169e+00
8.741330503575822419e+00
8.465100538063381919e+00
8.276638020521975392e+00
9.030062926802395751e+00
8.529980898842172365e+00
8.670397647173848199e+00
8.979288697732416225e+00
8.080153853415181331e+00
8.205098945844893521e+00
8.181338402670261800e+00
8.429067489654464396e+00
8.342366957057013366e+00
8.699597522076174982e+00
8.219976269123431933e+00
8.668136103941909809e+00
8.070721067313535002e+00
8.065874970426717638e+00
8.442683581003610271e+00
8.106931728730838671e+00
7.900173396794203384e+00
8.326283517516451127e+00
8.361759617042801906e+00
8.083050816664908211e+00
8.107969864367213120e+00
8.084519743114480406e+00
8.265347784861038605e+00
8.364779562421981396e+00
7.957860697135145323e+00
7.669165451897467456e+00
7.688748849681735109e+00
8.103434145615112882e+00
8.274509620081387240e+00
8.013100301860816899e+00
8.059160486486733888e+00
8.117690161731990983e+00
7.686722355289767883e+00
7.335627148003764475e+00
8.264976537082285191e+00
7.767258953944414124e+00
7.791577906260735986e+00
7.983503314567228060e+00
7.401793734075385878e+00
7.207724294613349514e+00
8.024752585898962565e+00
7.715514421333054429e+00
7.201352922307600046e+00
7.664856725288909267e+00
7.518942987456491700e+00
7.484025014845140156e+00
7.652366719549003271e+00
7.029628262765106328e+00
7.420031817968641086e+00
7.331753904417861456e+00
7.037239263111615628e+00
7.531194692143967195e+00
6.796707970647942076e+00
6.775194007998799783e+00
7.182379421087350835e+00
6.461398199076850091e+00
6.824256937794976885e+00
6.470832573837328461e+00
7.231483287264385496e+00
6.830736132778150171e+00
6.552888793965988334e+00
7.022693226388153853e+00
6.678121514163725791e+00
6.927213539617691040e+00
6.819810926191030021e+00
6.232183858953256994e+00
6.711219157420861059e+00
6.733025184995317325e+00
6.570936416293328364e+00
6.849513479735623633e+00
6.478167583650034977e+00
6.364624522580490940e+00
6.273049884229637385e+00
6.506554730042108936e+00
6.249889451056429124e+00
6.349927003616768317e+00
6.644313106033059135e+00
6.053761181203061170e+00
6.809084707938621861e+00
6.092727498691333565e+00
5.973820560395615153e+00
6.217090580051372939e+00
6.311469445542329915e+00
5.915006883317154518e+00
6.088771385098616484e+00
5.752294827197842686e+00
5.898014712020851924e+00
5.747820615224029872e+00
5.139054232682017442e+00
5.200650024650038006e+00
5.244415064427354167e+00
5.584499738010499037e+00
5.629933706154606199e+00
6.109983244570020844e+00
5.472785701112283796e+00
5.425162246941578559e+00
