5.333645502365595092e+01
3.498358289233333807e+01
4.011562556233299404e+01
3.755562756296030358e+01
4.011475763025057972e+01
3.868546441786956791e+01
4.001017667698356917e+01
4.054202818789841700e+01
3.168532866661532310e+01
2.769909327935568299e+01
3.023660729300006622e+01
3.930345539362901519e+01
4.536445118299625534e+01
5.457612082934633690e+01
5.342574536426791099e+01
5.959336304448805066e+01
5.817788387906931291e+01
6.197235116117728637e+01
5.962770691784528765e+01
6.239555200496660348e+01
6.427589229549522543e+01
6.338524914736052551e+01
6.525343814095451478e+01
6.376043253775439013e+01
6.157199338217693452e+01
6.310117880167293691e+01
6.253939151352992809e+01
5.934661208784179109e+01
5.965176780406503809e+01
5.612165034454515222e+01
5.931550492841137867e+01
5.457695899670293471e+01
5.774769887476794850e+01
5.449745365223825644e+01
5.427257104112622699e+01
5.540161526142084369e+01
5.726482639382607687e+01
5.604453147403656033e+01
5.294433270620105247e+01
5.283593327099688963e+01
5.490647123593146972e+01
5.614483093820915371e+01
5.290417461326095605e+01
5.553410737520258778e+01
5.480281617847204956e+01
5.495015714768980786e+01
5.474304221772796097e+01
5.421560770298878396e+01
5.412981700105969907e+01
5.134611654279768800e+01
5.444901967750779903e+01
5.425125105231679612e+01
5.248030461113368261e+01
5.765198213604639221e+01
5.416416273542096604e+01
5.312213797034245033e+01
5.418941292845324398e+01
5.156983709713487229e+01
5.015734551432866084e+01
5.120789849628376800e+01
5.469351811759663917e+01
5.290356830210357941e+01
5.190805811755420507e+01
5.368168529111995468e+01
4.975772689288523765e+01
5.329065578967046690e+01
5.256183117169555175e+01
5.234830457302798834e+01
5.200244053993723981e+01
5.356660499712518231e+01
5.523559460869355320e+01
5.285964457395265015e+01
5.330385927459430917e+01
5.214802345622018009e+01
5.194959731291731941e+01
5.044669882502564917e+01
5.292894422398553900e+01
5.204560910702987542e+01
5.272111726142556165e+01
5.230383908859320741e+01
5.432128676997830752e+01
5.100051956914156648e+01
5.192861752396289887e+01
4.924654091416565649e+01
4.951994186230457018e+01
5.342173739520440989e+01
5.375456690926905878e+01
5.066547163832154155e+01
5.153269444600719140e+01
5.271013714524848837e+01
5.230556920778935392e+01
4.987137463383462688e+01
4.958224255994458218e+01
5.044123149979267851e+01
5.430722794275917664e+01
5.077847291017549480e+01
5.440295260700238344e+01
5.037350481720913820e+01
4.998438105330994574e+01
5.329944400067125088e+01
5.211520036326588468e+01
5.010447553075931637e+01
5.174325332278166911e+01
5.103621820712594115e+01
5.277519205933575819e+01
5.455095940548822853e+01
4.965375020468154332e+01
5.233049313209193798e+01
5.165712120127967921e+01
5.106685165997020448e+01
5.096910223180807264e+01
5.268525060322627951e+01
5.122461040998089032e+01
4.788863746308931013e+01
5.140658207482586306e+01
5.150955941109335612e+01
5.023290184750403853e+01
5.187771817028269794e+01
5.002149590985359850e+01
4.937850315668810453e+01
5.179852466706388725e+01
5.087491285732275514e+01
5.385323175513874361e+01
5.195260987963163046e+01
5.046251578812821492e+01
5.038850813933290596e+01
5.144270360847509238e+01
5.251534877278690772e+01
4.900772214975280150e+01
5.156468800151468912e+01
4.836232240846707953e+01
5.210281111696924938e+01
5.134409403502848335e+01
5.204559564607638578e+01
5.298199672733306897e+01
4.932098414460890723e+01
5.030593512816551538e+01
4.954205638413582591e+01
5.114933295301586469e+01
5.300189670115885576e+01
4.959044920349023045e+01
5.113475137440077134e+01
4.932505130058244447e+01
5.010279706621705742e+01
5.118501873372002819e+01
5.274444977122593770e+01
4.915655878926821032e+01
5.003174907343650091e+01
5.045321963839015922e+01
5.051414687704895101e+01
4.959258883929514639e+01
5.122107824497162198e+01
5.097108381512945385e+01
5.063544111265983361e+01
4.959012177017672229e+01
4.961935712557765044e+01
4.847467337266403575e+01
4.904196548908373643e+01
4.977625159174961311e+01
5.000993630839064252e+01
5.009192729681096523e+01
4.992127010923742603e+01
5.115048403293101131e+01
4.809006303708218155e+01
5.328101951212877907e+01
5.083861547615713050e+01
4.936628675098946673e+01
4.994599353710390943e+01
4.951673801169054201e+01
5.178638623387801232e+01
5.244025788329903293e+01
4.975315172796236141e+01
4.988831382208228149e+01
5.137152746379038604e+01
4.793887884951332978e+01
4.924426750111929607e+01
4.684502924709939720e+01
5.174614597987303455e+01
5.234264792088739426e+01
4.981658863258701331e+01
5.059985862225925501e+01
5.159788395211260337e+01
5.010181241100423222e+01
4.907252538882360682e+01
4.899990447679127925e+01
5.232531383234158540e+01
4.908673703968646151e+01
4.954001892916667060e+01
5.147928582739149306e+01
4.989604388252161726e+01
5.198109589490648830e+01
4.984168969766722057e+01
4.762026891714816657e+01
5.054870818165915125e+01
4.892725819595477788e+01
4.976801426870154188e+01
4.991163433541989747e+01
5.263033322567525119e+01
5.143999879477210868e+01
5.222798534401136550e+01
