-2.176047501988346955e+00 1.581869948222687894e+00
-2.219012987099594270e+00 -2.024197169216946646e-01
2.284986548849183396e+00 -1.524520445375204258e-01
2.382003410427853130e+00 -1.122650824571443273e+00
-2.535000206295870750e+00 1.889880301517101513e+00
-2.107183701391388109e+00 -1.188991872558577273e-01
2.776136400194441745e+00 -4.401917758607508668e-01
3.426035930119647688e+00 -8.125580413342086139e-01
-2.833234625132645679e+00 1.980586439923135433e+00
-1.830127733185382466e+00 1.100111683247962491e+00
2.016044542589810362e+00 -1.831357898528244821e+00
3.161274837020842554e+00 -2.546374490394761381e+00
-3.147502874385658789e+00 2.451434396137939231e+00
-2.323114768716183942e+00 1.537998647934065932e+00
2.429201089726912066e+00 -1.606514231604719400e+00
2.639471781474501899e+00 -2.426499393230725943e+00
-2.421731456567710161e+00 9.675757954870102262e-01
-1.501374039347382450e+00 2.495552777544456369e-01
4.854841251916335865e-01 -8.592096346191657741e-01
9.758343823717813281e-01 -1.271945442095365753e+00
