-8.933993717406271173e+01 8.582964117149774097e+01
-8.871315670916131069e+01 4.534283608429026913e+01
8.219436572865664914e+01 -9.019053084102051798e+01
4.838276883964751107e+01 -8.933844666713419258e+01
-1.104838937863696344e+02 1.107865548400782671e+02
-1.100232389687832182e+02 1.053478586745848276e+02
1.106536424843454682e+02 -1.100792402471810192e+02
1.077262903751904588e+02 -1.095214009209309296e+02
-9.003342059901235928e+01 8.542145231539741701e+01
-8.959269018838874388e+01 4.914113176217471590e+01
8.315209640826167004e+01 -9.106784626051330633e+01
5.102864258407353049e+01 -9.070372173207454125e+01
-1.113504584673194984e+02 1.110073756728159111e+02
-1.098317045556115801e+02 1.057912984551328890e+02
1.101174434785277896e+02 -1.095683451850819381e+02
1.070642241546808293e+02 -1.115626692599815613e+02
-8.914180195164119880e+01 8.282863933122666822e+01
-8.889974067792014978e+01 5.105743555306052173e+01
8.077602168527297977e+01 -9.047369324769152854e+01
4.785479260537382373e+01 -8.941334141536519553e+01
