-4.049173750005574113e-01 5.694150490227767314e-01
-7.222706130357815502e-01 -8.475900331375036956e-01
7.687385852326751312e-01 6.178107012813756072e-01
6.479969112614838433e-01 9.246648664367293491e-02
-4.138950211705284543e-01 7.232823179830070170e-01
-1.929849717802374909e-01 -1.134091297163720702e+00
6.032727120926075770e-01 3.951470444156522932e-01
1.505398548103763723e+00 7.246100418117726871e-01
-1.150917949476283120e+00 4.289613448171912258e-01
-2.836787258211310309e-02 -2.651829230634483725e-01
6.499132201194153524e-02 -2.950095279813637617e-01
1.761864263599012714e+00 -8.913965500925413732e-01
-1.045633635782965865e+00 6.386310944861890437e-01
-3.879408250533655234e-01 -2.981226256180172229e-02
2.855140188425999703e-01 1.919965116115241732e-01
6.441096524235091492e-01 -4.297021652991201424e-01
-9.485223589703960512e-01 -3.925406773002914629e-01
-1.027820842055025830e-01 -2.790593634042990989e-01
-9.528803609151176301e-01 3.223259499281483365e-02
-4.743027787883151158e-01 1.552182240544254799e-01
