-1.113295868298947111e+00 6.839608795102006811e-01
-1.355595133507626393e+00 -1.553723530735532155e+00
1.488290503005765819e+00 1.099097999522018254e+00
1.315039735199759807e+00 3.197748630760862687e-01
-1.166270102049949964e+00 4.705352034963916630e-01
-1.060779447786381446e+00 -1.880092033435887933e+00
1.383722260476954791e+00 1.006481487495036520e+00
2.274554934170785359e+00 9.604190944534671814e-01
-1.827857504607940609e+00 1.195543289686943345e+00
-7.192507571693844692e-01 -1.193929878324456184e-01
8.206264168903870670e-01 -9.004041117223237078e-01
2.344552359051843560e+00 -1.481628618857937951e+00
-1.789538745140316855e+00 1.386910097589766577e+00
-1.269748736254277643e+00 -1.552666997586874160e-02
1.104246454751010686e+00 -2.726376223640236129e-01
1.390030140136900849e+00 -1.030471280479839713e+00
-1.594024441166646655e+00 2.528926200825108023e-02
-6.551893351242275010e-01 -9.770887599995923267e-01
-3.901181438702328585e-01 4.975199074473162786e-01
2.058830109925159635e-01 2.286239389149563594e-01
