-3.804709436763702435e+00 2.881281372116856421e+00
-3.880076097584181039e+00 1.687261252956919089e+00
3.890904209246644374e+00 -2.021213106122605296e+00
3.801040807598182525e+00 -2.844348388636568803e+00
-4.539406955595501891e+00 3.916709642578619199e+00
-4.130190271613649600e+00 2.074839999791258105e+00
4.780247930125196554e+00 -2.637726127170918922e+00
5.373407316926005706e+00 -2.954493940264597995e+00
-4.429931960118530299e+00 3.364137412645071379e+00
-3.482372207555743948e+00 2.921134624749237130e+00
3.631377038871147711e+00 -3.582550656962680158e+00
4.456867014070851951e+00 -4.207204544984415762e+00
-5.175607224976337406e+00 4.402512838509544224e+00
-4.341353734354749250e+00 3.686744842197814620e+00
4.452738046364801860e+00 -3.713088639639132715e+00
4.587034820562367443e+00 -4.508217531889798124e+00
-4.084714327462541483e+00 2.374390391499947128e+00
-3.239019271170980652e+00 2.130771178262640397e+00
2.161367544106043592e+00 -2.706019910465496725e+00
2.404158416170583124e+00 -3.013717593881528156e+00
