-3.811018677498486884e+00 2.807798313429497927e+00
-3.854341256338825961e+00 1.550553700733000806e+00
3.816960675704188510e+00 -1.921346806865189105e+00
3.776722629777142792e+00 -2.787670277509085359e+00
-4.306337216848339366e+00 3.654726419917004421e+00
-3.894469296991285301e+00 1.776850725682242338e+00
4.548059391526567907e+00 -2.322954443533209012e+00
5.170070680965584309e+00 -2.654173117479622146e+00
-4.433842866745157707e+00 3.363786083823455897e+00
-3.482694026486929495e+00 2.795907920492964216e+00
3.591730512582188783e+00 -3.534957889396779240e+00
4.387711586419330345e+00 -4.181914538690977068e+00
-4.931975466552798615e+00 4.193347670048495068e+00
-4.110276822130803254e+00 3.401216193636271257e+00
4.212904525731521410e+00 -3.440278557696794692e+00
4.385552272140528451e+00 -4.234496772088200522e+00
-4.054107136875860995e+00 2.323382779549658217e+00
-3.192755682725651578e+00 1.981028027929690349e+00
2.067040273679011886e+00 -2.610395122760607922e+00
2.324449428980044807e+00 -2.952924855165187878e+00
