-3.501863194832205206e+00 2.509003615155970035e+00
-3.365675425291134726e+00 -2.519844980581211202e-01
3.343797435417563246e+00 -5.850680508842358574e-01
3.340807578733300254e+00 -1.875908186407957201e+00
-3.538414584159993659e+00 2.525221724782653610e+00
-3.468665029159824442e+00 -1.790930356944106516e-01
3.704033330160467319e+00 -7.151657554978567699e-01
4.552690774643061822e+00 -1.494223295702254317e+00
-4.079354613504494687e+00 3.483967718797971180e+00
-2.965774068009930708e+00 1.719431393527444563e+00
3.088575139060524943e+00 -3.082246166680262078e+00
3.969605605739397802e+00 -3.714187397327318063e+00
-4.146993730363470299e+00 3.767851315831903580e+00
-3.533286143414489544e+00 2.231828843879110291e+00
3.416757428369438632e+00 -2.545520033624179224e+00
3.669007762617405799e+00 -3.505155133599632489e+00
-3.518936679467273621e+00 2.025090814742633860e+00
-2.570881780572116249e+00 1.699537843399897552e-01
1.374417074080604539e+00 -1.256128656968425128e+00
1.720262351030060977e+00 -2.054244392269727992e+00
