2.215914944235129358e+00 2.505494227225713466e+00
2.359076096573428316e+00 2.455000111280804198e+00
3.913304631167574321e+00 3.528880161987125508e+00
2.778041463014285561e+00 2.837825145053738840e+00
2.926407871935979177e+00 3.088118344770130363e+00
3.400831327021792472e+00 2.155348310286491653e+00
2.702386092003412621e+00 2.800976549057106357e+00
3.111947680334838040e+00 3.041817382156859484e+00
1.482687971695626938e+00 2.119287637080177866e+00
3.307967990255077595e+00 2.525210352232254429e+00
2.421040824699850269e+00 3.180954482155868401e+00
4.492992928024063914e+00 2.253997648279374655e+00
2.345644895595871304e+00 2.417580785169218149e+00
3.109242319237651042e+00 3.112227925778728199e+00
2.621193488336517774e+00 3.380951480981255752e+00
2.198126749226861687e+00 2.227443738223120917e+00
1.270756015528548444e+00 1.462193832228625201e+00
2.237879788899439060e+00 3.024404615497941151e+00
2.385178799257599902e+00 2.889298956866371171e+00
2.427722477831513181e+00 2.918200014361591155e+00
