-1.984671499251468907e+00 -1.835382310830019792e+00
-2.064292863175285486e+00 -2.302836979504031767e+00
2.447669828204682041e+00 2.616176792066208900e+00
2.327629055284391235e+00 2.224665753541072100e+00
-2.815571760395710221e+00 -2.607351473618611415e+00
-2.841453845277223333e+00 -3.657298457482947462e+00
3.381450489734386888e+00 3.424850017729296869e+00
3.481238750723052888e+00 3.455549000033999896e+00
-2.319604883789934124e+00 -1.869049755500401533e+00
-1.973074743596352265e+00 -2.343882131563990168e+00
2.842731774508137743e+00 1.876684690494317520e+00
2.914151175953101802e+00 1.524467930323404774e+00
-3.368548133706121384e+00 -2.257751383513302290e+00
-3.201796681730024741e+00 -2.882793490302194339e+00
3.056265505166739338e+00 3.144400890957922190e+00
2.668430847298365549e+00 2.783360493192087226e+00
-2.471666635753243302e+00 -2.427446790687648459e+00
-2.421626531160440798e+00 -2.368394835782030583e+00
1.279387787145018551e+00 2.586738529330852021e+00
1.276458532052640482e+00 2.374271861826314556e+00
