3.681765662024219843e+00 -1.132163374056292415e+00
4.626746441589395964e+00 4.111259222832112314e+00
-4.113319184453422928e+00 -4.265799788625481703e+00
-3.870068452540573301e+00 -4.058998143492127397e+00
-4.604098558116501039e+00 -4.433277599783009393e+00
-4.495444289641125302e+00 3.282621974532673903e+00
5.003804168076458225e+00 4.642766264020019129e+00
5.408486924521545447e+00 2.220541070669938666e+00
3.973789812161275137e+00 2.817841110616446265e+00
2.721395504551335609e+00 3.460436803818626395e+00
-1.313451968800919856e+00 -4.706052461767790795e+00
-3.564671603953513124e+00 -4.004900193365791949e+00
-5.189197634000207948e+00 -4.553013612928198839e+00
-4.779045146236115649e+00 -4.619643484926148957e+00
4.704625174521391173e+00 -3.583713085555089162e+00
4.577742002340868588e+00 4.444927372385357955e+00
3.797812536078561951e+00 3.977174788436082853e+00
3.908744122809110877e+00 -4.413198790008933337e+00
-5.417307240315926364e+00 -4.568333430140556040e+00
-5.234076324774125766e+00 -4.557046584465264338e+00
